43109	62.22
43108	62.24
43107	61.66
43105	61.44
43104	62.01
43103	61.63
43102	60.37
43101	60.24
43098	60.42
43097	59.84
43096	59.64
43095	59.97
43094	58.59
43091	58.47
43090	58.36
43089	58.09
43088	57.46
43087	57.16
43084	57.3
43083	57.04
43082	56.6
43081	57.14
43080	57.99
43077	57.36
43076	56.69
43075	55.96
43074	57.62
43073	57.47
43070	58.36
43069	57.4
43068	57.3
43067	57.99
43066	58.11
43063	58.95
43062	58.38
43061	58.02
43060	56.83
43059	56.09
43056	56.55
43055	55.14
43054	55.33
43053	55.7
43052	56.76
43049	56.74
43048	57.17
43047	56.81
43046	57.2
43045	57.35
43042	55.64
43041	54.54
43040	54.3
43039	54.38
43038	54.15
43035	53.9
43034	52.64
43033	52.18
43032	52.47
43031	51.9
43028	51.47
43027	51.29
43026	52.04
43025	51.88
43024	51.87
43021	51.45
43020	50.6
43019	51.3
43018	50.92
43017	49.58
43014	49.29
43013	50.79
43012	49.98
43011	50.42
43010	50.58
43007	51.67
43006	51.56
43005	52.14
43004	51.88
43003	52.22
43000	50.66
42999	50.55
42998	50.41
42997	49.48
42996	49.91
42993	49.89
42992	49.89
42991	49.3
42990	48.23
42989	48.07
42986	47.48
42985	49.09
42984	49.16
42983	48.66
42982	47.41
42981	47.32
42979	47.29
42978	47.23
42977	45.96
42976	46.44
42975	46.57
42972	47.87
42971	47.43
42970	48.41
42969	47.64
42968	47.37
42965	48.51
42964	47.09
42963	46.78
42962	47.55
42961	47.59
42958	48.82
42957	48.59
42956	49.56
42955	49.17
42954	49.39
42951	49.58
42950	49.03
42949	49.59
42948	49.16
42947	50.17
42944	49.71
42943	49.04
42942	48.75
42941	47.89
42940	46.34
42937	45.77
42936	46.79
42935	47.12
42934	46.4
42933	46.02
42930	46.54
42929	46.08
42928	45.49
42927	45.04
42926	44.4
42923	44.23
42922	45.52
42921	45.13
42920	47.13
42919	47.07
42916	46.04
42915	44.93
42914	44.74
42913	44.24
42912	43.38
42909	43.01
42908	42.74
42907	42.53
42906	43.23
42905	44.2
42902	44.74
42901	44.46
42900	44.73
42899	46.46
42898	46.08
42895	45.83
42894	45.64
42893	45.72
42892	48.19
42891	47.4
42888	47.66
42887	48.36
42886	48.32
42885	49.66
42884	49.97
42883	49.94
42881	49.8
42880	48.9
42879	51.36
42878	51.47
42877	50.73
42874	50.33
42873	49.35
42872	49.07
42871	48.66
42870	48.85
42867	47.84
42866	47.83
42865	47.33
42864	45.88
42863	46.43
42860	46.22
42859	45.52
42858	47.82
42857	47.66
42856	48.84
42853	49.33
42852	48.97
42851	49.62
42850	49.56
42849	49.23
42846	49.62
42845	50.27
42844	50.44
42843	52.41
42842	52.65
42838	53.18
42837	53.11
42836	53.4
42835	53.08
42832	52.24
42831	51.7
42830	51.15
42829	51.03
42828	50.24
42825	50.6
42824	50.35
42823	49.51
42822	48.37
42821	47.73
42818	47.97
42817	47.7
42816	48.04
42815	47.34
42814	48.22
42811	48.78
42810	48.75
42809	48.86
42808	47.72
42807	48.4
42804	48.49
42803	49.28
42802	50.28
42801	53.14
42800	53.2
42797	53.33
42796	52.61
42795	53.83
42794	54.01
42793	54.05
42790	53.99
42789	54.45
42788	53.59
42787	54.06
42786	53.97
42785	53.79
42783	53.4
42782	53.36
42781	53.11
42780	53.2
42779	52.93
42776	53.86
42775	53
42774	52.34
42773	52.17
42772	53.01
42769	53.83
42768	53.54
42767	53.88
42766	52.81
42765	52.63
42762	53.17
42761	53.78
42760	52.75
42759	53.18
42758	52.75
42755	52.42
42754	51.37
42753	51.08
42752	52.48
42751	52.52
42750	52.45
42748	52.37
42747	53.01
42746	52.25
42745	50.82
42744	51.96
42741	53.99
42740	53.76
42739	53.26
42738	52.33
42737	54.03
42734	53.72
42733	53.77
42732	54.06
42731	53.9
42730	53.19
42727	53.02
42726	52.95
42725	52.49
42724	52.23
42723	52.12
42720	51.9
42719	50.9
42718	51.04
42717	52.98
42716	52.83
42713	51.5
42712	50.84
42711	49.77
42710	50.93
42709	51.79
42706	51.68
42705	51.06
42704	49.44
42703	45.23
42702	47.08
42699	46.06
42698	47.98
42697	47.96
42696	48.03
42695	47.49
42692	45.69
42691	45.42
42690	45.57
42689	45.81
42688	43.32
42685	43.41
42684	44.66
42683	45.27
42682	44.98
42681	44.89
42678	44.07
42677	44.66
42676	45.34
42675	46.67
42674	46.86
42671	48.7
42670	49.72
42669	49.18
42668	49.96
42667	50.52
42664	50.85
42663	50.43
42662	51.6
42661	50.29
42660	49.94
42657	50.35
42656	50.44
42655	50.18
42654	50.79
42653	51.35
42650	49.81
42649	50.44
42648	49.83
42647	48.69
42646	48.81
42643	48.24
42642	47.83
42641	47.05
42640	44.67
42639	45.93
42636	44.48
42635	46.32
42634	45.34
42633	43.44
42632	43.3
42629	43.03
42628	43.91
42627	43.58
42626	44.9
42625	46.29
42622	45.88
42621	47.62
42620	45.5
42619	44.83
42618	45.07
42617	44.11
42615	44.44
42614	43.16
42613	44.7
42612	46.35
42611	46.98
42608	47.64
42607	47.33
42606	46.77
42605	48.1
42604	47.05
42601	48.52
42600	48.22
42599	46.79
42598	46.58
42597	45.74
42594	44.49
42593	43.49
42592	41.71
42591	42.77
42590	43.02
42587	41.8
42586	41.93
42585	40.83
42584	39.51
42583	40.06
42580	41.6
42579	41.14
42578	41.92
42577	42.92
42576	43.13
42573	44.19
42572	44.75
42571	44.94
42570	44.65
42569	45.24
42566	45.95
42565	45.68
42564	44.75
42563	46.8
42562	44.76
42559	45.41
42558	45.14
42557	47.43
42556	46.6
42555	48.65
42554	49.01
42552	48.99
42551	48.33
42550	49.88
42549	47.85
42548	46.33
42545	47.64
42544	50.11
42543	49.13
42542	48.85
42541	49.37
42538	47.98
42537	46.21
42536	48.01
42535	48.49
42534	48.88
42531	49.07
42530	50.56
42529	51.23
42528	50.36
42527	49.69
42524	48.62
42523	49.17
42522	49.01
42521	49.1
42520	49.51
42519	49.58
42517	49.33
42516	49.48
42515	49.56
42514	48.62
42513	48.08
42510	47.75
42509	48.16
42508	48.19
42507	48.31
42506	47.72
42503	46.21
42502	46.7
42501	46.23
42500	44.66
42499	43.44
42496	44.66
42495	44.32
42494	43.78
42493	43.65
42492	44.78
42489	45.92
42488	46.03
42487	45.33
42486	44.04
42485	42.64
42482	43.73
42481	43.18
42480	42.63
42479	41.08
42478	39.78
42475	40.36
42474	41.5
42473	41.76
42472	42.17
42471	40.36
42468	39.72
42467	37.26
42466	37.75
42465	35.89
42464	35.7
42461	36.79
42460	38.34
42459	38.32
42458	38.28
42457	39.39
42453	39.46
42452	39.79
42451	41.45
42450	39.91
42447	39.44
42446	40.2
42445	38.46
42444	36.34
42443	37.18
42440	38.5
42439	37.84
42438	38.29
42437	36.5
42436	37.9
42433	35.92
42432	34.57
42431	34.66
42430	34.4
42429	33.75
42426	32.78
42425	33.07
42424	32.15
42423	31.87
42422	31.48
42419	29.64
42418	30.77
42417	30.66
42416	29.04
42415	30.6
42414	29.08
42412	29.44
42411	26.21
42410	27.45
42409	27.94
42408	29.69
42405	30.89
42404	31.72
42403	32.28
42402	29.88
42401	31.62
42398	33.62
42397	33.22
42396	32.3
42395	31.45
42394	30.34
42391	32.19
42390	29.53
42389	26.55
42388	28.46
42387	30.02
42386	29.75
42384	29.42
42383	31.2
42382	30.48
42381	30.44
42380	31.41
42377	33.16
42376	33.27
42375	33.97
42374	35.97
42373	36.76
42369	37.04
42368	36.6
42367	37.87
42366	36.81
42362	38.1
42361	37.5
42360	36.14
42359	34.74
42356	34.73
42355	34.95
42354	35.52
42353	37.35
42352	36.31
42349	35.62
42348	36.76
42347	37.16
42346	37.51
42345	37.65
42342	39.97
42341	41.08
42340	39.94
42339	41.85
42338	41.65
42335	41.71
42334	42.59
42333	43.04
42332	42.87
42331	41.75
42328	40.39
42327	40.54
42326	40.75
42325	40.67
42324	41.74
42321	40.74
42320	41.75
42319	42.93
42318	44.21
42317	43.87
42314	44.29
42313	45.2
42312	46.32
42311	47.9
42310	46.14
42307	46.59
42306	46.06
42305	45.94
42304	43.2
42303	43.98
42300	44.6
42299	45.38
42298	45.2
42297	45.55
42296	45.89
42293	47.26
42292	46.38
42291	46.64
42290	46.66
42289	47.1
42286	49.63
42285	49.43
42284	47.81
42283	48.53
42282	46.26
42279	45.54
42278	44.74
42277	45.09
42276	45.23
42275	44.43
42272	45.7
42271	44.91
42270	44.48
42269	45.83
42268	46.68
42265	44.68
42264	46.9
42263	47.15
42262	44.59
42261	44
42258	44.63
42257	45.92
42256	44.15
42255	45.94
42254	44.7
42253	45.72
42251	46.05
42250	46.75
42249	46.25
42248	45.41
42247	49.2
42244	45.22
42243	42.56
42242	38.6
42241	39.31
42240	38.24
42237	40.45
42236	41.14
42235	40.8
42234	42.62
42233	41.87
42230	42.5
42229	42.23
42228	43.3
42227	43.08
42226	44.96
42223	43.87
42222	44.66
42221	45.15
42220	45.74
42219	45.17
42216	47.12
42215	48.52
42214	48.79
42213	47.98
42212	47.39
42209	48.14
42208	48.45
42207	49.19
42206	50.36
42205	50.15
42202	50.89
42201	50.91
42200	51.41
42199	53.04
42198	52.2
42195	52.74
42194	52.78
42193	51.65
42192	52.33
42191	52.53
42188	55.52
42187	56.93
42186	56.96
42185	59.47
42184	58.33
42181	59.63
42180	59.7
42179	60.27
42178	61.01
42177	59.68
42174	59.61
42173	60.45
42172	59.92
42171	59.97
42170	59.52
42167	59.96
42166	60.77
42165	61.43
42164	60.14
42163	58.14
42160	59.13
42159	58
42158	59.64
42157	61.26
42156	60.2
42153	60.3
42152	57.68
42151	57.51
42150	58.03
42149	59.85
42148	59.92
42146	59.72
42145	60.72
42144	58.98
42143	57.26
42142	59.43
42139	59.69
42138	59.88
42137	60.5
42136	60.75
42135	59.25
42132	59.39
42131	58.94
42130	60.93
42129	60.4
42128	58.93
42125	59.15
42124	59.63
42123	58.58
42122	57.06
42121	56.99
42118	57.15
42117	57.74
42116	56.16
42115	55.26
42114	56.38
42111	55.74
42110	56.71
42109	56.39
42108	53.29
42107	51.91
42104	51.64
42103	50.79
42102	50.42
42101	53.98
42100	52.14
42097	49.14
42096	49.14
42095	50.09
42094	47.6
42093	48.68
42090	48.87
42089	51.43
42088	49.21
42087	47.51
42086	47.45
42083	45.72
42082	43.96
42081	44.66
42080	43.46
42079	43.88
42076	44.84
42075	47.05
42074	48.17
42073	48.29
42072	50
42069	49.61
42068	50.76
42067	51.53
42066	50.52
42065	49.59
42062	49.76
42061	48.17
42060	50.99
42059	49.28
42058	49.45
42055	50.34
42054	51.16
42053	52.14
42052	53.53
42051	53.61
42050	54.06
42048	52.78
42047	51.21
42046	48.84
42045	50.02
42044	52.86
42041	51.69
42040	50.48
42039	48.45
42038	53.05
42037	49.57
42034	48.24
42033	44.53
42032	44.45
42031	46.23
42030	45.15
42027	45.59
42026	46.31
42025	47.78
42024	46.39
42023	47.78
42022	48.85
42020	48.69
42019	46.25
42018	48.48
42017	45.89
42016	46.07
42013	48.36
42012	48.79
42011	48.65
42010	47.93
42009	50.04
42006	52.69
42005	54.56
42004	53.27
42003	54.12
42002	53.61
41999	54.73
41998	55.92
41997	55.84
41996	57.12
41995	55.26
41992	56.52
41991	54.11
41990	56.47
41989	55.93
41988	55.91
41985	57.81
41984	59.95
41983	60.94
41982	63.82
41981	63.05
41978	65.84
41977	66.81
41976	67.38
41975	66.88
41974	69
41971	66.15
41970	68.55
41969	73.69
41968	74.09
41967	75.78
41964	76.51
41963	75.58
41962	74.58
41961	74.61
41960	75.64
41957	75.82
41956	74.21
41955	77.18
41954	77.94
41953	77.4
41950	78.65
41949	77.91
41948	78.68
41947	77.19
41946	78.78
41943	80.54
41942	81.12
41941	82.2
41940	81.42
41939	81
41936	81.01
41935	82.09
41934	80.52
41933	82.81
41932	82.71
41929	82.75
41928	82.7
41927	81.78
41926	81.84
41925	85.74
41922	85.82
41921	85.77
41920	87.31
41919	88.85
41918	90.34
41915	89.74
41914	91.01
41913	90.73
41912	91.16
41911	94.57
41908	93.54
41907	92.53
41906	92.8
41905	91.56
41904	91.52
41901	92.41
41900	93.07
41899	94.42
41898	94.88
41897	92.92
41894	92.27
41893	92.83
41892	91.67
41891	92.75
41890	92.66
41887	93.29
41886	94.45
41885	95.54
41884	92.88
41883	95.83
41880	95.96
41879	94.55
41878	93.88
41877	93.86
41876	93.35
41873	93.65
41872	93.96
41871	96.07
41870	94.48
41869	96.41
41866	97.35
41865	95.58
41864	97.59
41863	97.37
41862	98.08
41859	97.65
41858	97.34
41857	96.92
41856	97.38
41855	98.29
41852	97.88
41851	98.17
41850	100.27
41849	100.97
41848	101.67
41845	102.09
41844	102.07
41843	103.12
41842	104.42
41841	104.59
41838	103.13
41837	103.19
41836	101.2
41835	99.96
41834	100.91
41831	100.83
41830	102.93
41829	102.29
41828	103.4
41827	103.53
41824	103.76
41823	104.06
41822	104.48
41821	105.34
41820	105.37
41817	105.74
41816	105.84
41815	106.5
41814	106.03
41813	106.17
41810	107.26
41809	106.43
41808	105.97
41807	106.36
41806	106.9
41803	106.91
41802	106.53
41801	104.4
41800	104.35
41799	104.41
41796	102.66
41795	102.48
41794	102.64
41793	102.66
41792	102.47
41789	102.71
41788	103.58
41787	102.72
41786	104.11
41785	104.28
41782	104.35
41781	103.74
41780	104.07
41779	102.44
41778	102.61
41775	102.02
41774	101.5
41773	102.37
41772	101.7
41771	100.59
41768	99.99
41767	100.26
41766	100.77
41765	99.5
41764	99.48
41761	99.76
41760	99.42
41759	99.74
41758	101.28
41757	100.84
41754	100.6
41753	101.94
41752	101.44
41751	102.13
41750	104.37
41746	104.3
41745	103.76
41744	103.75
41743	104.05
41740	103.74
41739	103.4
41738	103.6
41737	102.56
41736	100.44
41733	101.14
41732	100.29
41731	99.62
41730	99.74
41729	101.58
41726	101.67
41725	101.28
41724	100.26
41723	99.19
41722	99.6
41719	99.46
41718	99.43
41717	100.37
41716	99.7
41715	98.08
41712	98.89
41711	98.2
41710	97.99
41709	100.03
41708	101.12
41705	102.58
41704	101.56
41703	101.45
41702	103.33
41701	104.92
41698	102.59
41697	102.4
41696	102.59
41695	101.83
41694	102.82
41691	102.2
41690	102.92
41689	103.31
41688	102.43
41687	100.58
41684	100.3
41683	100.35
41682	100.37
41681	99.94
41680	100.06
41677	99.88
41676	97.84
41675	97.38
41674	97.19
41673	96.43
41670	97.49
41669	98.23
41668	97.36
41667	97.41
41666	95.72
41663	96.64
41662	97.32
41661	96.73
41660	94.99
41659	93.93
41656	94.37
41655	93.96
41654	94.17
41653	92.59
41652	91.8
41649	92.72
41648	91.66
41647	92.33
41646	93.67
41645	93.43
41642	93.96
41641	95.44
41640	98.7
41639	98.42
41638	99.29
41635	100.32
41634	99.55
41632	99.22
41631	98.91
41628	99.32
41627	98.77
41626	97.8
41625	97.22
41624	97.48
41621	96.6
41620	97.5
41619	97.44
41618	98.51
41617	97.34
41614	97.65
41613	97.38
41612	97.2
41611	96.04
41610	93.82
41607	92.72
41606	92.28
41605	92.3
41604	93.68
41603	94.09
41600	94.84
41599	95.44
41598	93.33
41597	93.34
41596	93.03
41593	93.84
41592	93.76
41591	93.88
41590	93.04
41589	95.14
41586	94.6
41585	94.2
41584	94.8
41583	93.37
41582	94.62
41579	94.61
41578	96.38
41577	96.77
41576	98.2
41575	98.68
41572	97.85
41571	97.11
41570	96.86
41569	97.8
41568	99.22
41565	100.81
41564	100.67
41563	102.29
41562	101.21
41561	102.41
41558	102.02
41557	103.01
41556	101.61
41555	103.49
41554	103.03
41551	103.84
41550	103.31
41549	104.1
41548	102.04
41547	102.33
41544	102.87
41543	103.03
41542	102.66
41541	103.13
41540	103.59
41537	104.68
41536	106.39
41535	108.07
41534	105.42
41533	106.59
41530	108.21
41529	108.6
41528	107.56
41527	107.39
41526	109.52
41523	110.53
41522	108.37
41521	107.23
41520	108.54
41519	106.75
41516	107.65
41515	108.8
41514	110.1
41513	109.01
41512	105.92
41509	106.42
41508	105.03
41507	103.85
41506	104.97
41505	107.1
41502	107.46
41501	107.33
41500	106.85
41499	106.83
41498	106.11
41495	105.97
41494	103.4
41493	104.37
41492	105.3
41491	106.56
41488	106.94
41487	107.89
41486	105.03
41485	103.08
41484	104.55
41481	104.7
41480	105.49
41479	105.39
41478	107.23
41477	106.91
41474	108.05
41473	108.04
41472	106.48
41471	106
41470	106.32
41467	105.95
41466	104.91
41465	106.52
41464	103.53
41463	103.14
41460	103.22
41459	101.4
41458	101.24
41457	99.6
41456	97.99
41453	96.56
41452	97.05
41451	95.5
41450	95.32
41449	95.18
41446	93.69
41445	95.4
41444	98.24
41443	98.44
41442	97.77
41439	97.85
41438	96.69
41437	95.88
41436	95.38
41435	95.77
41432	96.03
41431	94.76
41430	93.74
41429	93.31
41428	93.45
41425	91.97
41424	93.61
41423	93.13
41422	95.01
41421	93.83
41418	94.15
41417	94.25
41416	94.28
41415	96.16
41414	96.71
41411	96.02
41410	95.16
41409	94.3
41408	94.21
41407	95.17
41404	96.04
41403	96.39
41402	96.62
41401	95.62
41400	96.16
41397	95.61
41396	93.99
41395	91.03
41394	93.46
41393	94.5
41390	93
41389	93.64
41388	91.43
41387	89.18
41386	88.76
41383	88.01
41382	87.73
41381	86.68
41380	88.72
41379	88.71
41376	91.29
41375	93.51
41374	94.64
41373	94.2
41372	93.36
41369	92.7
41368	93.26
41367	94.45
41366	97.19
41365	97.07
41361	97.23
41360	96.58
41359	96.34
41358	94.81
41355	93.71
41354	92.45
41353	92.96
41352	92.16
41351	93.74
41348	93.45
41347	93.03
41346	92.52
41345	92.54
41344	92.06
41341	91.95
41340	91.56
41339	90.43
41338	90.82
41337	90.12
41334	90.68
41333	92.05
41332	92.76
41331	92.63
41330	93.11
41327	93.13
41326	92.84
41325	94.46
41324	96.66
41320	95.86
41319	97.31
41318	97.01
41317	97.51
41316	97.03
41313	95.72
41312	95.83
41311	96.62
41310	96.64
41309	96.17
41306	97.77
41305	97.49
41304	97.94
41303	97.57
41302	96.44
41299	95.88
41298	95.95
41297	95.23
41296	96.24
41292	95.56
41291	95.49
41290	94.24
41289	93.28
41288	94.14
41285	93.56
41284	93.82
41283	93.1
41282	93.15
41281	93.19
41278	93.09
41277	92.92
41276	93.12
41274	91.82
41271	90.8
41270	90.87
41269	90.98
41267	88.61
41264	88.66
41263	90.13
41262	89.51
41261	87.93
41260	87.2
41257	86.73
41256	85.89
41255	86.77
41254	85.79
41253	85.56
41250	85.93
41249	86.26
41248	87.88
41247	88.5
41246	89.09
41243	88.91
41242	88.07
41241	86.49
41240	87.18
41239	87.74
41236	88.28
41234	87.38
41233	86.75
41232	89.28
41229	86.67
41228	85.45
41227	86.32
41226	85.38
41225	85.57
41222	86.07
41221	85.09
41220	84.44
41219	88.71
41218	85.65
41215	84.86
41214	87.09
41213	86.24
41212	85.68
41211	85.54
41208	86.28
41207	86.05
41206	85.73
41205	86.67
41204	88.73
41201	90.05
41200	92.1
41199	92.12
41198	92.09
41197	91.85
41194	91.86
41193	92.07
41192	91.25
41191	92.39
41190	89.33
41187	89.88
41186	91.71
41185	88.14
41184	91.89
41183	92.48
41180	92.19
41179	91.85
41178	89.98
41177	91.37
41176	91.93
41173	92.89
41172	91.87
41171	91.98
41170	95.29
41169	96.62
41166	99
41165	98.31
41164	97.01
41163	97.17
41162	96.54
41159	96.42
41158	95.53
41157	95.36
41156	95.3
41152	96.47
41151	94.62
41150	95.49
41149	96.33
41148	95.47
41145	96.15
41144	96.27
41143	97.26
41142	96.68
41141	95.97
41138	96.01
41137	95.6
41136	94.33
41135	93.43
41134	92.73
41131	92.87
41130	93.36
41129	93.35
41128	93.67
41127	92.2
41124	91.4
41123	87.13
41122	88.91
41121	88.06
41120	89.78
41117	90.13
41116	89.39
41115	88.97
41114	88.5
41113	88.14
41110	91.44
41109	92.66
41108	89.87
41107	89.22
41106	88.43
41103	87.1
41102	86.08
41101	85.81
41100	83.91
41099	85.99
41096	84.45
41095	87.22
41093	87.66
41092	83.75
41089	84.96
41088	77.69
41087	80.21
41086	79.36
41085	79.21
41082	79.76
41081	78.2
41080	81.8
41079	84.03
41078	83.27
41075	84.03
41074	83.91
41073	82.62
41072	83.32
41071	82.7
41068	84.1
41067	84.82
41066	85.02
41065	84.29
41064	83.98
41061	83.23
41060	86.53
41059	87.82
41058	90.76
41054	90.86
41053	90.66
41052	89.9
41051	91.66
41050	92.57
41047	91.48
41046	92.56
41045	92.81
41044	93.98
41043	94.78
41040	96.13
41039	97.08
41038	96.81
41037	97.01
41036	97.94
41033	98.49
41032	102.54
41031	105.22
41030	106.16
41029	104.87
41026	104.93
41025	104.55
41024	104.12
41023	103.55
41022	103.11
41019	103.05
41018	102.27
41017	102.67
41016	104.2
41015	102.93
41012	102.83
41011	103.64
41010	102.7
41009	101.02
41008	102.46
41004	103.31
41003	101.47
41002	104.01
41001	105.23
40998	103.02
40997	102.78
40996	105.41
40995	107.33
40994	107.03
40991	106.87
40990	105.35
40989	107.27
40988	105.61
40987	108.09
40984	107.06
40983	105.11
40982	105.43
40981	106.71
40980	106.34
40977	107.4
40976	106.58
40975	106.16
40974	104.7
40973	106.72
40970	106.7
40969	108.84
40968	107.07
40967	106.55
40966	108.56
40963	109.77
40962	107.83
40961	106.28
40960	105.84
40956	103.24
40955	102.31
40954	101.8
40953	100.74
40952	100.91
40949	98.67
40948	99.84
40947	98.71
40946	98.41
40945	96.91
40942	97.84
40941	96.36
40940	97.61
40939	98.48
40938	98.78
40935	99.56
40934	99.7
40933	99.4
40932	98.95
40931	99.58
40928	98.46
40927	100.39
40926	100.59
40925	100.71
40921	98.7
40920	99.1
40919	100.87
40918	102.24
40917	101.31
40914	101.56
40913	101.81
40912	103.22
40911	102.96
40907	98.83
40906	99.65
40905	99.36
40904	101.34
40900	99.68
40899	99.53
40898	98.67
40897	97.22
40896	93.88
40893	93.53
40892	93.87
40891	94.95
40890	100.14
40889	97.77
40886	99.41
40885	98.34
40884	100.49
40883	101.28
40882	100.99
40879	100.96
40878	100.2
40877	100.36
40876	99.79
40875	98.21
40872	96.77
40870	96.17
40869	98.01
40868	96.92
40865	97.41
40864	98.82
40863	102.59
40862	99.37
40861	98.14
40858	98.99
40857	97.78
40856	95.74
40855	96.8
40854	95.52
40851	94.26
40850	94.07
40849	92.51
40848	92.19
40847	93.19
40844	93.32
40843	93.96
40842	90.2
40841	93.17
40840	91.27
40837	87.4
40836	85.3
40835	86.11
40834	88.34
40833	86.38
40830	86.8
40829	84.23
40828	85.57
40827	85.81
40826	85.41
40823	82.98
40822	82.59
40821	79.68
40820	75.67
40819	77.61
40816	79.2
40815	82.14
40814	81.21
40813	84.45
40812	80.24
40809	79.85
40808	80.51
40807	85.92
40806	86.89
40805	85.7
40802	87.96
40801	89.4
40800	88.91
40799	90.21
40798	88.19
40795	87.24
40794	89.05
40793	89.34
40792	86.02
40788	86.45
40787	88.93
40786	88.81
40785	88.9
40784	87.27
40781	85.37
40780	85.3
40779	85.16
40778	85.44
40777	84.12
40774	82.26
40773	82.38
40772	87.58
40771	86.65
40770	87.88
40767	85.38
40766	85.72
40765	82.89
40764	79.3
40763	81.31
40760	86.88
40759	86.63
40758	91.93
40757	93.79
40756	94.89
40753	95.7
40752	97.44
40751	97.4
40750	99.59
40749	99.2
40746	99.87
40745	99.13
40744	98.14
40743	97.5
40742	95.93
40739	97.24
40738	95.69
40737	98.05
40736	97.43
40735	95.15
40732	96.2
40731	98.67
40730	96.65
40729	96.89
40725	94.94
40724	95.42
40723	94.77
40722	92.89
40721	90.61
40718	91.16
40717	91.02
40716	95.41
40715	93.4
40714	93.26
40711	93.01
40710	94.95
40709	94.81
40708	99.37
40707	97.3
40704	99.29
40703	101.93
40702	100.74
40701	99.09
40700	99.01
40697	100.22
40696	100.4
40695	100.29
40694	102.7
40690	100.59
40689	100.23
40688	101.32
40687	99.59
40686	97.7
40683	99.49
40682	98.44
40681	100.1
40680	96.91
40679	97.37
40676	99.65
40675	98.97
40674	98.21
40673	103.88
40672	102.55
40669	97.18
40668	99.8
40667	109.24
40666	111.05
40665	113.52
40662	113.93
40661	112.86
40660	112.76
40659	112.21
40658	112.28
40654	112.29
40653	111.45
40652	108.15
40651	107.12
40648	109.66
40647	108.11
40646	107.11
40645	106.25
40644	109.92
40641	112.79
40640	110.3
40639	108.83
40638	108.34
40637	108.47
40634	107.94
40633	106.72
40632	104.27
40631	104.79
40630	103.98
40627	105.4
40626	105.6
40625	105.75
40624	104
40623	102.33
40620	101.07
40619	101.42
40618	97.98
40617	97.18
40616	101.19
40613	101.16
40612	102.7
40611	104.38
40610	105.02
40609	105.44
40606	104.42
40605	101.91
40604	102.23
40603	99.63
40602	96.97
40599	97.88
40598	97.28
40597	98.1
40596	93.57
40592	86.2
40591	86.36
40590	84.99
40589	84.32
40588	84.81
40585	85.58
40584	86.73
40583	86.71
40582	86.94
40581	87.48
40578	89.03
40577	90.54
40576	90.86
40575	90.77
40574	92.19
40571	89.34
40570	85.64
40569	87.33
40568	86.19
40567	87.87
40564	89.11
40563	88.86
40562	90.86
40561	91.38
40557	91.54
40556	91.4
40555	91.86
40554	91.11
40553	89.25
40550	88.03
40549	88.38
40548	90.3
40547	89.38
40546	91.55
40543	91.38
40542	89.84
40541	91.12
40540	91.49
40539	91
40535	91.51
40534	90.48
40533	89.82
40532	88.81
40529	88.02
40528	87.7
40527	88.62
40526	88.28
40525	88.61
40522	87.79
40521	88.37
40520	88.28
40519	88.69
40518	89.38
40515	89.19
40514	88
40513	86.75
40512	84.11
40511	85.73
40508	83.76
40506	83.86
40505	81.25
40504	81.74
40501	81.51
40500	81.85
40499	80.44
40498	82.34
40497	84.86
40494	84.88
40493	87.81
40492	87.81
40491	86.72
40490	87.06
40487	86.85
40486	86.49
40485	84.69
40484	83.9
40483	82.95
40480	81.43
40479	82.18
40478	81.94
40477	82.55
40476	82.52
40473	81.69
40472	80.56
40471	81.77
40470	79.49
40469	83.08
40466	81.25
40465	82.69
40464	83.01
40463	81.67
40462	82.21
40459	82.66
40458	81.67
40457	83.23
40456	82.82
40455	81.47
40452	81.58
40451	79.97
40450	77.86
40449	76.18
40448	76.52
40445	76.49
40444	75.18
40443	74.71
40442	73.52
40441	74.86
40438	73.66
40437	74.57
40436	76.02
40435	76.8
40434	77.19
40431	76.45
40430	74.25
40429	74.67
40428	74.09
40424	74.6
40423	75.02
40422	73.91
40421	71.92
40420	74.7
40417	75.17
40416	73.36
40415	72.52
40414	71.63
40413	73.1
40410	73.46
40409	74.43
40408	75.42
40407	75.77
40406	75.24
40403	75.39
40402	75.74
40401	78.02
40400	80.25
40399	81.48
40396	80.7
40395	82.01
40394	82.47
40393	82.55
40392	81.34
40389	78.95
40388	78.36
40387	76.99
40386	77.5
40385	78.98
40382	78.98
40381	79.3
40380	76.56
40379	77.44
40378	76.54
40375	76.01
40374	76.62
40373	77.04
40372	77.15
40371	74.95
40368	76.09
40367	75.44
40366	74.07
40365	71.98
40361	72.14
40360	72.95
40359	75.63
40358	75.94
40357	78.25
40354	78.86
40353	76.51
40352	76.35
40351	77.21
40350	77.82
40347	77.18
40346	76.79
40345	77.67
40344	76.94
40343	75.12
40340	73.78
40339	75.48
40338	74.38
40337	71.99
40336	71.44
40333	71.51
40332	74.61
40331	72.86
40330	72.58
40326	73.97
40325	74.55
40324	71.51
40323	68.75
40322	70.21
40319	70.04
40318	68.01
40317	69.87
40316	69.41
40315	70.08
40312	71.61
40311	74.4
40310	75.65
40309	76.37
40308	76.8
40305	75.11
40304	77.11
40303	79.97
40302	82.74
40301	86.19
40298	86.15
40297	85.17
40296	83.22
40295	82.44
40294	84.2
40291	85.12
40290	83.7
40289	83.68
40288	83.45
40287	81.45
40284	83.24
40283	85.51
40282	85.84
40281	84.05
40280	84.34
40277	84.92
40276	85.39
40275	85.88
40274	86.84
40273	86.62
40269	84.87
40268	83.76
40267	82.37
40266	82.17
40263	80
40262	80.53
40261	80.61
40260	81.91
40259	81.25
40256	80.68
40255	82.2
40254	82.93
40253	81.7
40252	79.8
40249	81.24
40248	82.11
40247	82.09
40246	81.49
40245	81.87
40242	81.5
40241	80.21
40240	80.87
40239	79.68
40238	78.7
40235	79.66
40234	78.17
40233	80
40232	78.86
40231	80.16
40228	79.81
40227	79.06
40226	77.33
40225	77.01
40221	74.13
40220	75.28
40219	74.52
40218	73.75
40217	71.89
40214	71.19
40213	73.14
40212	76.98
40211	77.23
40210	74.43
40207	72.89
40206	73.64
40205	73.67
40204	74.71
40203	75.26
40200	74.54
40199	76.08
40198	77.62
40197	79.02
40193	78
40192	79.39
40191	79.65
40190	80.79
40189	82.52
40186	82.75
40185	82.66
40184	83.18
40183	81.77
40182	81.51
40178	79.36
40177	79.28
40176	78.87
40175	78.77
40171	78.05
40170	76.67
40169	74.4
40168	72.47
40165	73.36
40164	72.65
40163	72.66
40162	70.69
40161	69.51
40158	69.87
40157	70.54
40156	70.67
40155	72.62
40154	73.93
40151	75.47
40150	76.46
40149	76.6
40148	78.37
40147	77.28
40144	76.05
40142	77.96
40141	76.02
40140	77.56
40137	76.72
40136	77.46
40135	79.58
40134	79.14
40133	78.9
40130	76.35
40129	76.94
40128	79.28
40127	79.05
40126	79.43
40123	77.43
40122	79.62
40121	80.4
40120	79.6
40119	78.13
40116	77
40115	79.87
40114	77.46
40113	79.55
40112	78.68
40109	80.5
40108	81.19
40107	81.37
40106	79.09
40105	79.61
40102	78.53
40101	77.58
40100	75.18
40099	74.15
40098	73.27
40095	71.77
40094	71.69
40093	69.57
40092	70.88
40091	70.41
40088	69.95
40087	70.82
40086	70.61
40085	66.71
40084	66.84
40081	66.02
40080	65.89
40079	68.97
40078	71.55
40077	69.71
40074	72.04
40073	72.47
40072	72.51
40071	70.93
40070	68.86
40067	69.29
40066	71.94
40065	71.31
40064	71.1
40060	68.02
40059	67.96
40058	68.05
40057	68.05
40056	69.96
40053	72.74
40052	72.49
40051	71.43
40050	72.05
40049	74.37
40046	73.89
40045	72.54
40044	72.42
40043	69.19
40042	66.75
40039	67.51
40038	70.52
40037	70.16
40036	69.45
40035	70.6
40032	70.93
40031	71.94
40030	71.97
40029	71.42
40028	71.58
40025	69.45
40024	66.94
40023	63.35
40022	67.23
40021	68.38
40018	68.05
40017	67.16
40016	65.4
40015	64.72
40014	63.98
40011	63.56
40010	62.02
40009	61.54
40008	59.52
40007	59.69
40004	59.89
40003	60.41
40002	60.14
40001	62.93
40000	64.05
39996	66.73
39995	69.31
39994	69.89
39993	71.49
39990	69.16
39989	70.23
39988	68.67
39987	69.24
39986	66.93
39983	69.55
39982	71.37
39981	71.03
39980	70.47
39979	70.62
39976	72.04
39975	72.68
39974	71.33
39973	70.01
39972	68.09
39969	68.44
39968	68.81
39967	66.12
39966	68.55
39965	68.58
39962	66.31
39961	65.08
39960	63.45
39959	62.45
39955	61.67
39954	61.05
39953	62.04
39952	59.65
39951	59.03
39948	56.34
39947	58.62
39946	58.02
39945	58.85
39944	58.5
39941	58.63
39940	56.71
39939	56.34
39938	53.84
39937	54.47
39934	53.2
39933	51.12
39932	50.97
39931	49.92
39930	50.14
39927	51.55
39926	49.62
39925	48.85
39924	46.51
39923	45.88
39920	50.33
39919	49.98
39918	49.25
39917	49.41
39916	50.05
39912	52.24
39911	49.38
39910	49.15
39909	51.05
39906	52.51
39905	52.64
39904	48.39
39903	49.66
39902	48.41
39899	52.38
39898	54.34
39897	52.77
39896	53.98
39895	53.8
39892	51.06
39891	51.61
39890	48.14
39889	49.16
39888	47.35
39885	46.25
39884	47.03
39883	42.33
39882	45.71
39881	47.07
39878	45.52
39877	43.61
39876	45.38
39875	41.65
39874	40.15
39871	44.76
39870	45.22
39869	42.5
39868	39.96
39867	38.44
39864	38.94
39863	39.48
39862	34.62
39861	34.93
39857	37.51
39856	33.98
39855	35.94
39854	37.55
39853	39.56
39850	40.17
39849	41.17
39848	40.32
39847	40.78
39846	40.08
39843	41.68
39842	41.44
39841	42.16
39840	41.58
39839	45.73
39836	46.47
39835	43.67
39834	43.55
39833	38.74
39829	36.51
39828	35.4
39827	37.28
39826	37.78
39825	37.59
39822	40.83
39821	41.7
39820	42.63
39819	48.58
39818	48.81
39815	46.34
39813	44.6
39812	39.03
39811	40.02
39808	37.71
39806	35.35
39805	38.98
39804	39.91
39801	33.87
39800	36.22
39799	40.06
39798	43.6
39797	44.51
39794	46.28
39793	47.98
39792	43.52
39791	42.07
39790	43.71
39787	40.81
39786	43.67
39785	46.79
39784	46.96
39783	49.28
39780	54.43
39778	54.44
39777	50.77
39776	54.5
39773	49.93
39772	49.62
39771	53.62
39770	54.39
39769	54.95
39766	57.04
39765	58.24
39764	56.16
39763	59.33
39762	62.41
39759	61.04
39758	60.77
39757	65.3
39756	70.53
39755	63.91
39752	67.81
39751	65.96
39750	67.5
39749	62.73
39748	63.22
39745	64.15
39744	67.84
39743	66.75
39742	70.89
39741	74.25
39738	71.85
39737	69.85
39736	74.54
39735	78.63
39734	81.19
39731	77.7
39730	86.59
39729	88.95
39728	90.06
39727	87.81
39724	93.88
39723	93.97
39722	98.53
39721	100.64
39720	96.37
39717	106.89
39716	108.02
39715	105.73
39714	106.61
39713	120.92
39710	104.55
39709	97.88
39708	97.16
39707	91.15
39706	95.71
39703	101.18
39702	100.87
39701	102.58
39700	103.26
39699	106.34
39696	106.23
39695	107.89
39694	109.35
39693	109.71
39689	115.46
39688	115.59
39687	118.15
39686	116.27
39685	115.11
39682	114.59
39681	121.18
39680	114.98
39679	114.53
39678	112.87
39675	113.77
39674	115.01
39673	116
39672	113.01
39671	114.45
39668	115.2
39667	120.02
39666	118.58
39665	119.17
39664	121.41
39661	125.1
39660	124.08
39659	126.77
39658	122.19
39657	124.73
39654	123.26
39653	125.49
39652	124.44
39651	127.95
39650	131.04
39647	128.88
39646	129.29
39645	134.6
39644	138.74
39643	145.18
39640	145.08
39639	141.65
39638	136.05
39637	136.04
39636	141.37
39632	145.29
39631	143.57
39630	140.97
39629	140
39626	140.21
39625	139.64
39624	134.55
39623	137
39622	136.74
39619	134.62
39618	131.93
39617	136.68
39616	134.01
39615	134.61
39612	134.86
39611	136.74
39610	136.38
39609	131.31
39608	134.35
39605	138.54
39604	127.79
39603	122.3
39602	124.31
39601	127.76
39598	127.35
39597	126.62
39596	131.03
39595	128.85
39591	132.19
39590	130.81
39589	133.17
39588	129.07
39587	127.05
39584	126.29
39583	124.12
39582	124.22
39581	125.8
39580	124.23
39577	125.96
39576	123.69
39575	123.53
39574	121.84
39573	119.97
39570	116.32
39569	112.52
39568	113.46
39567	115.63
39566	118.75
39563	118.52
39562	116.06
39561	118.3
39560	119.37
39559	117.48
39556	116.69
39555	114.86
39554	114.93
39553	113.79
39552	111.76
39549	110.14
39548	110.11
39547	110.87
39546	108.5
39545	109.09
39542	106.23
39541	103.83
39540	104.83
39539	100.98
39538	101.58
39535	105.62
39534	107.58
39533	105.9
39532	101.22
39531	100.86
39527	101.84
39526	104.48
39525	109.42
39524	105.68
39521	110.21
39520	110.33
39519	109.92
39518	108.75
39517	107.9
39514	105.15
39513	105.47
39512	104.52
39511	99.52
39510	102.45
39507	101.84
39506	102.59
39505	99.64
39504	100.88
39503	99.23
39500	98.81
39499	98.23
39498	100.74
39497	100.01
39493	95.5
39492	95.46
39491	93.27
39490	92.78
39489	93.59
39486	91.77
39485	88.11
39484	87.14
39483	88.41
39482	90.02
39479	88.96
39478	91.75
39477	92.33
39476	91.64
39475	90.99
39472	90.71
39471	89.41
39470	86.99
39469	89.85
39465	90.57
39464	90.13
39463	90.84
39462	91.9
39461	94.2
39458	92.69
39457	93.71
39456	95.67
39455	96.33
39454	95.09
39451	97.91
39450	99.18
39449	99.62
39447	95.98
39444	96
39443	96.62
39442	95.97
39440	94.13
39437	93.31
39436	91.06
39435	91.24
39434	90.49
39433	90.63
39430	91.27
39429	92.25
39428	94.39
39427	90.02
39426	87.86
39423	88.28
39422	90.23
39421	87.49
39420	88.32
39419	89.31
39416	88.71
39415	91.01
39414	90.62
39413	94.42
39412	97.7
39409	98.18
39407	97.29
39406	98.03
39405	94.64
39402	95.1
39401	93.43
39400	94.09
39399	91.17
39398	94.62
39395	96.32
39394	95.46
39393	96.37
39392	96.7
39391	93.98
39388	95.93
39387	93.49
39386	94.53
39385	90.38
39384	93.53
39381	91.86
39380	90.46
39379	87.1
39378	85.27
39377	87.56
39374	88.6
39373	89.47
39372	87.4
39371	87.61
39370	86.13
39367	83.69
39366	83.08
39365	81.3
39364	80.26
39363	79.02
39360	81.22
39359	81.44
39358	79.94
39357	80.05
39356	80.24
39353	81.66
39352	82.88
39351	80.3
39350	79.53
39349	80.95
39346	81.62
39345	83.32
39344	81.93
39343	81.51
39342	80.57
39339	79.1
39338	80.09
39337	79.91
39336	78.23
39335	77.49
39332	76.7
39331	76.3
39330	75.73
39329	75.08
39325	74.04
39324	73.36
39323	73.51
39322	71.73
39321	71.97
39318	71.09
39317	69.83
39316	69.26
39315	69.47
39314	71.12
39311	71.98
39310	71
39309	73.33
39308	72.38
39307	71.62
39304	71.47
39303	71.59
39302	72.15
39301	72.42
39300	72.06
39297	75.48
39296	76.86
39295	76.53
39294	78.21
39293	76.83
39290	77.02
39289	74.95
39288	75.88
39287	73.56
39286	74.89
39283	75.57
39282	75.92
39281	75.05
39280	74.02
39279	74.15
39276	73.93
39275	72.5
39274	72.56
39273	72.81
39272	72.19
39269	72.81
39268	71.81
39266	71.41
39265	71.09
39262	70.68
39261	69.57
39260	68.97
39259	67.77
39258	69.18
39255	69.14
39254	68.65
39253	68.19
39252	69.1
39251	69.09
39248	68
39247	67.65
39246	66.26
39245	65.35
39244	65.97
39241	64.76
39240	66.93
39239	65.96
39238	65.61
39237	66.21
39234	65.08
39233	64.01
39232	63.49
39231	63.15
39227	65.2
39226	64.18
39225	65.77
39224	64.97
39223	66.27
39220	64.94
39219	64.86
39218	62.55
39217	63.17
39216	62.46
39213	62.37
39212	61.81
39211	61.55
39210	62.26
39209	61.47
39206	61.93
39205	63.19
39204	63.68
39203	64.4
39202	65.71
39199	66.46
39198	65.06
39197	65.84
39196	64.58
39195	65.89
39192	63.38
39191	61.83
39190	63.13
39189	63.1
39188	63.61
39185	63.63
39184	63.85
39183	62.01
39182	61.89
39181	61.51
39177	64.28
39176	64.38
39175	64.64
39174	65.94
39171	65.87
39170	66.03
39169	64.08
39168	62.93
39167	62.91
39164	62.28
39163	61.69
39162	59.61
39161	56.73
39160	56.59
39157	57.11
39156	57.55
39155	58.16
39154	57.93
39153	58.91
39150	60.05
39149	61.64
39148	61.82
39147	60.69
39146	60.07
39143	61.64
39142	62
39141	61.79
39140	61.46
39139	61.39
39136	61.14
39135	60.95
39134	60.07
39133	58.07
39129	59.39
39128	57.99
39127	58
39126	59.06
39125	57.81
39122	59.89
39121	59.71
39120	57.71
39119	58.88
39118	58.74
39115	59.02
39114	57.3
39113	58.14
39112	56.97
39111	54.01
39108	55.42
39107	54.23
39106	55.37
39105	55.04
39104	51.13
39101	51.99
39100	50.48
39099	52.24
39098	51.21
39094	52.99
39093	51.88
39092	54.02
39091	55.64
39090	56.09
39087	56.31
39086	55.59
39085	58.32
39084	61.05
39080	61.05
39079	60.53
39078	60.34
39077	61.1
39073	62.41
39072	62.66
39071	63.72
39070	63.15
39069	62.21
39066	63.43
39065	62.51
39064	61.37
39063	61.02
39062	61.22
39059	62.03
39058	62.49
39057	62.19
39056	62.43
39055	62.44
39052	63.43
39051	63.13
39050	62.46
39049	60.99
39048	60.32
39043	59.24
39042	60.17
39041	58.8
39038	55.81
39037	56.26
39036	58.76
39035	58.28
39034	58.58
39031	59.59
39030	61.16
39029	59.83
39028	58.93
39027	60.02
39024	59.14
39023	57.88
39022	58.71
39021	58.73
39020	58.36
39017	60.75
39016	60.36
39015	61.4
39014	59.35
39013	58.81
39010	56.82
39009	58.5
39008	57.65
39007	58.93
39006	59.94
39003	58.57
39002	57.86
39001	57.59
39000	58.52
38999	59.96
38996	59.76
38995	60.03
38994	59.41
38993	58.68
38992	61.03
38989	62.91
38988	62.76
38987	62.96
38986	61.01
38985	61.45
38982	60.55
38981	61.59
38980	60.46
38979	61.66
38978	63.8
38975	63.33
38974	63.22
38973	63.97
38972	63.76
38971	65.61
38968	66.25
38967	67.32
38966	67.5
38965	68.6
38961	69.19
38960	70.26
38959	70.03
38958	69.71
38957	70.61
38954	72.51
38953	72.36
38952	71.76
38951	72.63
38950	72.45
38947	71.14
38946	70.06
38945	71.89
38944	73.05
38943	73.53
38940	74.35
38939	74
38938	76.35
38937	76.31
38936	76.98
38933	74.76
38932	75.46
38931	75.81
38930	74.91
38929	74.4
38926	73.24
38925	74.54
38924	73.94
38923	73.75
38922	75.05
38919	74.43
38918	73.08
38917	72.66
38916	73.54
38915	75.3
38912	77.03
38911	76.7
38910	74.95
38909	74.16
38908	73.61
38905	74.09
38904	75.14
38903	75.19
38898	73.93
38897	73.52
38896	72.19
38895	71.92
38894	71.8
38891	70.87
38890	70.84
38889	70.33
38888	68.94
38887	68.98
38884	69.88
38883	69.5
38882	69.14
38881	68.56
38880	70.36
38877	71.63
38876	70.35
38875	70.82
38874	72.5
38873	72.6
38870	72.33
38869	70.34
38868	71.29
38867	72.03
38863	71.37
38862	71.32
38861	69.86
38860	71.76
38859	69.23
38856	68.53
38855	69.45
38854	68.69
38853	69.53
38852	69.41
38849	72.04
38848	73.32
38847	72.13
38846	70.69
38845	69.77
38842	70.19
38841	69.94
38840	72.28
38839	74.61
38838	73.7
38835	71.88
38834	70.97
38833	71.93
38832	72.88
38831	73.33
38828	75.17
38827	71.95
38826	72.17
38825	71.35
38824	70.4
38820	69.32
38819	68.62
38818	68.98
38817	68.74
38814	67.39
38813	67.94
38812	67.07
38811	66.23
38810	66.74
38807	66.63
38806	67.15
38805	66.45
38804	66.07
38803	64.16
38800	64.26
38799	63.91
38798	61.77
38797	60.57
38796	60.42
38793	62.77
38792	63.58
38791	62.17
38790	63.1
38789	61.77
38786	59.96
38785	60.47
38784	60.02
38783	61.58
38782	62.41
38779	63.67
38778	63.36
38777	61.97
38776	61.41
38775	61
38772	62.91
38771	60.54
38770	61.01
38769	61.1
38765	59.88
38764	58.46
38763	57.65
38762	59.57
38761	61.24
38758	61.84
38757	62.62
38756	62.55
38755	63.09
38754	65.11
38751	65.37
38750	64.68
38749	66.56
38748	67.92
38747	68.35
38744	67.76
38743	66.26
38742	65.85
38741	67.06
38740	68.1
38737	68.35
38736	66.83
38735	65.73
38734	66.31
38730	63.92
38729	63.94
38728	63.94
38727	63.37
38726	63.5
38723	64.21
38722	62.79
38721	63.42
38720	63.14
38716	61.04
38715	60.32
38714	59.82
38713	58.16
38709	58.43
38708	58.28
38707	58.56
38706	57.98
38705	57.34
38702	58.06
38701	59.99
38700	60.85
38699	61.37
38698	61.3
38695	59.39
38694	60.66
38693	59.21
38692	59.94
38691	59.91
38688	59.32
38687	58.47
38686	57.32
38685	56.5
38684	57.36
38679	58.71
38678	58.84
38677	57.7
38674	56.14
38673	56.34
38672	57.88
38671	56.98
38670	57.69
38667	57.53
38666	57.8
38665	58.93
38664	59.71
38663	59.47
38660	60.58
38659	61.78
38658	59.75
38657	59.85
38656	59.76
38653	61.22
38652	61.09
38651	60.66
38650	62.44
38649	60.32
38646	60.63
38645	61.03
38644	62.41
38643	63.2
38642	64.36
38639	62.63
38638	63.08
38637	64.12
38636	63.53
38635	61.8
38632	61.84
38631	61.36
38630	62.79
38629	63.9
38628	65.47
38625	66.24
38624	66.79
38623	66.35
38622	65.07
38621	65.82
38618	64.19
38617	66.5
38616	66.8
38615	66.23
38614	67.39
38611	63
38610	64.75
38609	65.09
38608	63.11
38607	63.34
38604	64.08
38603	64.49
38602	64.37
38601	65.96
38597	67.57
38596	69.47
38595	68.94
38594	69.81
38593	67.2
38590	66.13
38589	67.49
38588	67.32
38587	65.71
38586	65.45
38583	65.35
38582	63.27
38581	63.25
38580	66.08
38579	66.27
38576	66.86
38575	65.8
38574	64.9
38573	63.07
38572	63.94
38569	62.31
38568	61.38
38567	60.86
38566	61.89
38565	61.57
38562	60.57
38561	59.94
38560	59.11
38559	59.2
38558	59
38555	58.65
38554	57.13
38553	56.72
38552	57.46
38551	57.32
38548	58.09
38547	57.8
38546	60.01
38545	60.62
38544	58.92
38541	59.63
38540	60.73
38539	61.28
38538	59.59
38534	58.75
38533	56.5
38532	57.26
38531	58.2
38530	60.54
38527	59.84
38526	59.42
38525	58.09
38524	58.9
38523	59.37
38520	58.47
38519	56.58
38518	55.57
38517	55
38516	55.62
38513	53.54
38512	54.28
38511	52.54
38510	53.76
38509	54.49
38506	55.03
38505	53.63
38504	54.6
38503	51.97
38499	51.85
38498	51.01
38497	50.98
38496	49.67
38495	49.16
38492	46.8
38491	46.92
38490	47.25
38489	48.97
38488	48.61
38485	48.67
38484	48.54
38483	50.45
38482	52.07
38481	52.03
38478	50.96
38477	50.83
38476	50.13
38475	49.5
38474	50.92
38471	49.72
38470	51.77
38469	51.61
38468	54.2
38467	54.57
38464	55.39
38463	54.2
38462	52.44
38461	52.29
38460	50.37
38457	50.49
38456	51.13
38455	50.22
38454	51.86
38453	53.71
38450	53.32
38449	54.11
38448	55.85
38447	56.04
38446	57.01
38443	57.27
38442	55.4
38441	53.99
38440	54.23
38439	54.05
38435	54.84
38434	53.81
38433	56.03
38432	56.62
38429	56.72
38428	56.4
38427	56.46
38426	55.05
38425	54.95
38422	54.43
38421	53.54
38420	54.77
38419	54.59
38418	53.89
38415	53.78
38414	53.57
38413	53.05
38412	51.68
38411	51.75
38408	51.49
38407	51.39
38406	51.17
38405	51.15
38401	48.35
38400	47.54
38399	48.33
38398	47.26
38397	47.44
38394	47.16
38393	47.1
38392	45.46
38391	45.4
38390	45.28
38387	46.48
38386	46.45
38385	46.69
38384	47.12
38383	48.2
38380	47.18
38379	48.84
38378	48.78
38377	49.64
38376	48.81
38373	48.53
38372	46.91
38371	47.55
38370	48.38
38366	48.38
38365	48.04
38364	46.37
38363	45.68
38362	45.33
38359	45.43
38358	45.56
38357	43.39
38356	43.91
38355	42.12
38351	43.45
38350	43.64
38349	41.77
38348	41.32
38344	44.18
38343	44.24
38342	45.76
38341	45.64
38338	46.28
38337	44.18
38336	44.19
38335	41.82
38334	41.01
38331	40.71
38330	42.53
38329	41.94
38328	41.46
38327	42.98
38324	42.54
38323	43.25
38322	45.49
38321	49.13
38320	49.76
38315	49.44
38314	48.94
38313	48.64
38310	48.44
38309	46.22
38308	46.84
38307	46.11
38306	46.87
38303	47.32
38302	47.42
38301	48.86
38300	47.37
38299	49.09
38296	49.61
38295	48.82
38294	50.88
38293	49.62
38292	50.13
38289	51.76
38288	50.92
38287	52.46
38286	55.17
38285	54.54
38282	55.17
38281	54.47
38280	54.92
38279	53.29
38278	53.67
38275	54.93
38274	54.76
38273	53.64
38272	52.51
38271	53.64
38268	53.31
38267	52.67
38266	52.02
38265	51.09
38264	49.91
38261	50.12
38260	49.64
38259	49.51
38258	49.9
38257	49.64
38254	48.88
38253	48.46
38252	48.35
38251	47.1
38250	46.35
38247	45.59
38246	43.88
38245	43.58
38244	44.39
38243	43.87
38240	42.81
38239	44.61
38238	42.77
38237	43.31
38233	43.99
38232	44.06
38231	44
38230	42.12
38229	42.28
38226	43.18
38225	43.1
38224	43.47
38223	45.21
38222	46.05
38219	47.86
38218	48.7
38217	47.27
38216	46.75
38215	46.05
38212	46.58
38211	45.5
38210	44.8
38209	44.52
38208	44.84
38205	43.95
38204	44.41
38203	42.83
38202	44.15
38201	43.82
38198	43.8
38197	42.75
38196	42.9
38195	41.84
38194	41.44
38191	41.71
38190	41.36
38189	40.58
38188	40.86
38187	41.64
38184	41.25
38183	40.77
38182	40.97
38181	39.44
38180	39.5
38177	39.96
38176	40.33
38175	39.08
38174	39.65
38170	38.39
38169	38.74
38168	37.05
38167	35.66
38166	36.24
38163	37.55
38162	37.93
38161	37.57
38160	38.11
38159	37.63
38156	38.75
38155	38.46
38154	37.32
38153	37.19
38152	37.59
38148	38.45
38147	37.54
38146	37.28
38145	38.66
38142	38.49
38141	39.28
38140	39.96
38139	42.33
38135	39.88
38134	39.44
38133	40.7
38132	41.14
38131	41.72
38128	39.93
38127	40.92
38126	41.5
38125	40.54
38124	41.55
38121	41.38
38120	41.08
38119	40.77
38118	40.06
38117	38.93
38114	39.93
38113	39.37
38112	39.57
38111	38.98
38110	38.21
38107	37.38
38106	37.31
38105	37.46
38104	37.53
38103	36.97
38100	36.46
38099	36.71
38098	35.73
38097	37.6
38096	37.42
38093	37.74
38092	37.57
38091	36.72
38090	37.21
38089	37.84
38085	37.14
38084	36.15
38083	34.97
38082	34.38
38079	34.39
38078	34.27
38077	35.76
38076	36.25
38075	35.45
38072	35.73
38071	35.51
38070	37.01
38069	37.45
38068	37.11
38065	38.08
38064	37.93
38063	38.18
38062	37.48
38061	37.44
38058	36.19
38057	36.78
38056	36.1
38055	36.28
38054	36.57
38051	37.26
38050	36.64
38049	35.8
38048	36.66
38047	36.86
38044	36.16
38043	35.51
38042	35.68
38041	34.58
38040	34.35
38037	35.6
38036	36
38035	35.45
38034	35.19
38030	34.56
38029	33.98
38028	34
38027	33.87
38026	32.83
38023	32.48
38022	33.08
38021	33.1
38020	34.1
38019	34.98
38016	33.05
38015	32.81
38014	33.62
38013	34.12
38012	34.47
38009	34.94
38008	34.93
38007	34.58
38006	36.2
38002	35.07
38001	33.44
38000	34.5
37999	34.43
37998	34.72
37995	34.31
37994	33.98
37993	33.62
37992	33.7
37991	33.78
37986	32.52
37985	32.79
37984	32.4
37979	32.86
37978	31.95
37977	31.87
37974	33.02
37973	33.71
37972	33.35
37971	32.89
37970	33.18
37967	33.04
37966	31.85
37965	31.88
37964	31.76
37963	32.1
37960	30.73
37959	31.26
37958	31.1
37957	30.78
37956	29.95
37951	30.41
37950	29.77
37949	29.74
37946	31.61
37945	32.86
37944	32.92
37943	33.28
37942	31.73
37939	32.37
37938	31.9
37937	31.33
37936	31.15
37935	30.88
37932	30.85
37931	30.26
37930	30.3
37929	28.75
37928	28.9
37925	29.11
37924	28.47
37923	28.91
37922	29.56
37921	29.92
37918	30.16
37917	30.3
37916	29.92
37915	30.18
37914	30.35
37911	30.68
37910	31.54
37909	31.77
37908	31.82
37907	31.95
37904	31.97
37903	31.01
37902	29.81
37901	30.41
37900	30.47
37897	30.4
37896	29.84
37895	29.39
37894	29.2
37893	28.4
37890	28.16
37889	28.29
37888	28.24
37887	27.13
37886	26.96
37883	27.03
37882	27.17
37881	27.03
37880	27.56
37879	28.14
37876	28.27
37875	28.82
37874	29.35
37873	29.18
37872	28.85
37869	28.88
37868	28.98
37867	29.49
37866	29.41
37862	31.57
37861	31.5
37860	31.21
37859	31.95
37858	31.56
37855	31.84
37854	31.88
37853	30.95
37852	30.7
37851	30.89
37848	31.05
37847	31.09
37846	30.78
37845	31.92
37844	32.01
37841	32.18
37840	32.39
37839	31.7
37838	32.22
37837	31.84
37834	32.31
37833	30.54
37832	30.68
37831	30.24
37830	30.11
37827	30.17
37826	30.22
37825	29.67
37824	30.19
37823	31.78
37820	31.96
37819	31.41
37818	31.05
37817	31.62
37816	31.27
37813	31.28
37812	31.06
37811	30.88
37810	30.22
37809	30.13
37805	30.42
37804	30.15
37803	30.4
37802	30.19
37799	29.27
37798	29.01
37797	29.95
37796	28.78
37795	29.17
37792	30.82
37791	29.96
37790	30.36
37789	31.07
37788	31.18
37785	30.65
37784	31.51
37783	32.36
37782	31.73
37781	31.45
37778	31.28
37777	30.74
37776	30.05
37775	30.67
37774	30.71
37771	29.56
37770	29.1
37769	28.58
37768	29.35
37764	29.16
37763	28.85
37762	29.03
37761	29.28
37760	28.83
37757	29.14
37756	28.74
37755	29.17
37754	28.5
37753	27.35
37750	27.72
37749	26.98
37748	26.23
37747	25.72
37746	26.49
37743	25.67
37742	26.03
37741	25.8
37740	25.24
37739	25.49
37736	26.26
37735	26.64
37734	26.65
37733	29.91
37732	30.87
37728	30.55
37727	29.18
37726	29.29
37725	28.63
37722	28.14
37721	27.46
37720	28.85
37719	28
37718	27.96
37715	28.62
37714	28.97
37713	28.56
37712	29.78
37711	31.04
37708	30.16
37707	30.37
37706	28.63
37705	27.97
37704	28.66
37701	26.91
37700	28.61
37699	29.88
37698	31.67
37697	34.93
37694	35.38
37693	36.01
37692	37.83
37691	36.72
37690	37.27
37687	37.78
37686	37
37685	36.69
37684	36.89
37683	35.88
37680	36.6
37679	37.2
37678	37.7
37677	36.06
37676	36.48
37673	35.58
37672	36.79
37671	37.16
37670	36.96
37666	36.8
37665	36.36
37664	35.77
37663	35.44
37662	34.48
37659	35.12
37658	34.16
37657	33.93
37656	33.58
37655	32.76
37652	33.51
37651	33.85
37650	33.63
37649	32.67
37648	32.29
37645	33.28
37644	32.25
37643	32.85
37642	34.61
37638	33.91
37637	33.66
37636	33.21
37635	32.37
37634	32.26
37631	31.68
37630	31.99
37629	30.56
37628	31.08
37627	32.1
37624	33.08
37623	31.85
37621	31.2
37620	31.37
37617	32.72
37616	32.49
37614	31.97
37613	31.75
37610	30.3
37609	30.56
37608	30.44
37607	30.1
37606	30.1
37603	28.44
37602	28.01
37601	27.4
37600	27.74
37599	27.2
37596	26.93
37595	27.29
37594	26.71
37593	27.3
37592	27.24
37587	26.89
37586	26.4
37585	26.11
37582	26.76
37581	26.35
37580	26.98
37579	26.42
37578	26.71
37575	25.51
37574	25.29
37573	25.19
37572	25.9
37571	25.94
37568	25.78
37567	25.38
37566	25.77
37565	26.14
37564	26.95
37561	27.13
37560	27.22
37559	26.81
37558	26.86
37557	27.29
37554	27.05
37553	28.2
37552	28.18
37551	27.92
37550	28.37
37547	29.6
37546	29.62
37545	29.47
37544	29.72
37543	30.03
37540	29.37
37539	28.97
37538	29.35
37537	29.48
37536	29.64
37533	29.62
37532	29.76
37531	30.49
37530	30.83
37529	30.45
37526	30.54
37525	30.41
37524	30.64
37523	30.77
37522	30.71
37519	29.61
37518	29.5
37517	29.48
37516	29.08
37515	29.67
37512	29.81
37511	28.85
37510	29.77
37509	29.73
37508	29.73
37505	29.61
37504	28.98
37503	28.27
37502	27.79
37498	28.98
37497	28.92
37496	28.34
37495	28.83
37494	29.28
37491	28.63
37490	28.84
37489	29.24
37488	30.11
37487	29.84
37484	29.33
37483	29.06
37482	28.15
37481	27.9
37480	27.86
37477	26.86
37476	26.67
37475	26.5
37474	27.17
37473	26.58
37470	26.84
37469	26.47
37468	27.02
37467	27.36
37466	26.55
37463	26.54
37462	26.77
37461	26.87
37460	26.31
37459	26.6
37456	27.83
37455	27.57
37454	27.88
37453	27.75
37452	27.07
37449	27.48
37448	26.83
37447	26.77
37446	26.09
37445	26.07
37440	26.8
37439	26.77
37438	26.81
37435	26.86
37434	26.86
37433	26.76
37432	26.32
37431	26.47
37428	25.82
37427	25.53
37426	25.31
37425	25.43
37424	26.09
37421	25.94
37420	25.64
37419	24.64
37418	24.12
37417	24.29
37414	24.75
37413	24.79
37412	24.89
37411	25.33
37410	25.08
37407	25.31
37406	24.67
37405	25.76
37404	25.27
37400	25.88
37399	26.15
37398	26.37
37397	27.33
37396	28.33
37393	28.18
37392	27.95
37391	28.15
37390	29.36
37389	28.38
37386	27.99
37385	27.68
37384	27.85
37383	26.63
37382	26.12
37379	26.62
37378	26.24
37377	26.75
37376	27.29
37375	27.57
37372	27.11
37371	26.73
37370	26.38
37369	26.62
37368	26.27
37365	26.38
37364	26.18
37363	25.94
37362	24.75
37361	24.57
37358	23.47
37357	24.99
37356	26.13
37355	25.82
37354	26.54
37351	26.21
37350	26.58
37349	27.56
37348	27.71
37347	26.88
37343	26.31
37342	25.87
37341	25.36
37340	24.99
37337	25.35
37336	25.61
37335	24.9
37334	24.88
37333	25.11
37330	24.51
37329	24.56
37328	24.16
37327	24.2
37326	24.31
37323	23.84
37322	23.71
37321	23.15
37320	23.17
37319	22.45
37316	22.4
37315	21.74
37314	21.29
37313	21.41
37312	20.48
37309	21.07
37308	20.95
37307	20.29
37306	20.88
37302	21.5
37301	21.23
37300	21.18
37299	20.73
37298	21.41
37295	20.26
37294	19.64
37293	19.78
37292	20.07
37291	20.07
37288	20.38
37287	19.48
37286	19.08
37285	19.58
37284	20.05
37281	19.99
37280	19.7
37279	19.5
37278	18.34
37274	18
37273	17.97
37272	18.86
37271	18.9
37270	18.89
37267	19.68
37266	20.38
37265	20.18
37264	21.25
37263	21.48
37260	21.62
37259	20.37
37258	21.01
37256	19.84
37253	20.41
37252	20.9
37251	21.27
37246	19.62
37245	19.28
37244	19.8
37243	19.36
37242	19.22
37239	19.23
37238	18.12
37237	18.36
37236	18.08
37235	18.37
37232	19.04
37231	18.54
37230	19.49
37229	19.65
37228	20.09
37225	19.44
37224	18.62
37223	19.22
37222	19.48
37221	18.69
37216	18.96
37215	19.15
37214	17.72
37211	18.03
37210	17.45
37209	19.74
37208	21.67
37207	21.2
37204	22.22
37203	21.17
37202	20.09
37201	19.92
37200	20.02
37197	20.18
37196	20.39
37195	21.18
37194	21.87
37193	22.15
37190	22.03
37189	22.01
37188	22.33
37187	21.85
37186	21.76
37183	21.83
37182	21.31
37181	21.81
37180	22
37179	22.29
37176	22.5
37175	23.34
37174	22.53
37173	22.48
37172	22.45
37169	22.39
37168	22.63
37167	22.08
37166	22.79
37165	23.28
37162	23.43
37161	22.74
37160	22.38
37159	21.81
37158	22.01
37155	25.97
37154	26.59
37153	26.72
37152	27.7
37151	28.81
37148	29.53
37144	27.63
37141	28.03
37140	27.58
37139	26.95
37138	26.93
37134	27.2
37133	26.55
37132	27.05
37131	27.17
37130	26.67
37127	26.9
37126	26.63
37125	26.37
37124	27.91
37123	27.18
37120	26.68
37119	27.4
37118	27.56
37117	28.01
37116	27.82
37113	28.05
37112	27.64
37111	27.54
37110	27.94
37109	27.74
37106	27.62
37105	27.71
37104	26.77
37103	26.35
37102	26.63
37099	27.02
37098	26.73
37097	26.84
37096	26.31
37095	26.12
37092	25.59
37091	24.7
37090	24.89
37089	25.57
37088	26.06
37085	26.59
37084	26.8
37083	27.11
37082	27.49
37081	27.59
37078	28.21
37077	27.02
37075	26.24
37074	25.95
37071	26.25
37070	25.56
37069	25.61
37068	26.98
37067	27.25
37064	26.83
37063	26.56
37062	26.5
37061	27.48
37060	27.55
37057	28.51
37056	29.04
37055	28.84
37054	29.18
37053	29.04
37050	28.33
37049	27.75
37048	27.72
37047	28.24
37046	28.13
37043	27.93
37042	28.37
37041	28.55
37040	28.66
37036	28.38
37035	28.41
37034	29.58
37033	29.74
37032	29.98
37029	29.91
37028	28.91
37027	28.86
37026	28.98
37025	28.71
37022	28.55
37021	28.52
37020	28.23
37019	27.39
37018	27.77
37015	28.36
37014	28.45
37013	27.8
37012	28.94
37011	28.46
37008	28.27
37007	28.44
37006	27.29
37005	26.86
37004	27.61
37001	27.28
37000	27.82
36999	27.95
36998	28.24
36997	28.79
36993	28.25
36992	28.18
36991	28.48
36990	27.28
36987	27.06
36986	27.26
36985	27.12
36984	26.19
36983	25.59
36980	26.29
36979	26.32
36978	26.31
36977	27.75
36976	27.48
36973	27.3
36972	26.54
36971	26.8
36970	25.96
36969	26.15
36966	26.74
36965	26.55
36964	26.41
36963	27.59
36962	28
36959	28.01
36958	28.39
36957	29
36956	28.32
36955	28.6
36952	27.84
36951	27.62
36950	27.39
36949	28.13
36948	28.42
36945	29.04
36944	28.82
36943	28.53
36942	28.58
36938	29.16
36937	28.8
36936	29.71
36935	30.36
36934	30.51
36931	31.03
36930	31.59
36929	31.27
36928	30.35
36927	30.55
36924	31.19
36923	29.82
36922	28.66
36921	29.06
36920	29.06
36917	29.77
36916	29.36
36915	29.05
36914	29.57
36913	32.19
36910	32.19
36909	30.45
36908	29.6
36907	30.29
36903	30.05
36902	29.41
36901	29.48
36900	27.64
36899	27.32
36896	27.95
36895	28.14
36894	28
36893	27.21
36889	26.8
36888	25.85
36887	26.47
36886	26.64
36882	26.18
36881	25.98
36880	25.77
36879	29.33
36878	29.76
36875	28.87
36874	27.99
36873	28.74
36872	29.68
36871	29.5