37319	2.0083						
37320	1.9917						
37321	2.0508						
37322	2.1375						
37323	2.2033						
37326	2.2525						
37327	2.3650						
37328	2.3317						
37329	2.3650						
37330	2.3408						
37333	2.3175						
37334	2.3783						
37335	2.4320						
37336	2.3883						
37337	2.5683						
37340	3.2050						
37341	2.9917						
37342	2.8517						
37348	2.8875						
37349	2.9033						
37350	2.8000						
37351	2.6733						
37354	2.7042						
37355	2.7467						
37356	2.7708						
37357	2.7883						
37358	2.8592						
37361	2.9233						
37362	2.8533						
37363	2.8050						
37364	2.9117						
37365	3.1167						
37375	3.0217						
37376	2.9167						
37378	3.0358						
37379	3.1600						
37382	3.1633						
37383	3.1717						
37384	3.1863						
37385	3.1800						
37386	3.1767						
37389	3.2667						
37390	3.2557						
37391	3.2250						
37392	3.2228						
37393	3.3300						
37396	3.5167						
37397	3.4933						
37398	3.4208						
37399	3.3883						
37400	3.4283						
37403	3.4483						
37404	3.4517						
37405	3.5433						
37406	3.5917						
37407	3.5750						
37410	3.5942						
37411	3.6083						
37412	3.6267						
37413	3.6367						
37414	3.6300						
37417	3.5325						
37418	3.4558						
37419	3.4450						
37420	3.4717						
37421	3.5043						
37425	3.5078						
37426	3.5362						
37427	3.5833						
37428	3.6360						
37431	3.7058						
37432	3.8500						
37433	3.8675						
37434	3.8092						
37435	3.8037						
37438	3.7912						
37439	3.6900						
37440	3.5767						
37441	3.5558						
37442	3.5667						
37445	3.5317						
37447	3.5303						
37448	3.5550						
37449	3.5875						
37452	3.5933						
37453	3.5907						
37454	3.4967						
37455	3.5417						
37456	3.5845						
37459	3.5978						
37460	3.6383						
37461	3.6450						
37462	3.6267						
37463	3.6558						
37466	3.6500						
37467	3.6508						
37468	3.7008						
37469	3.6333						
37470	3.6150						
37473	3.6163						
37474	3.6208						
37475	3.6278						
37476	3.6408						
37477	3.6367						
37480	3.6200						
37481	3.6108						
37482	3.6325						
37483	3.6417						
37484	3.6392						
37488	3.6300						
37489	3.5983						
37490	3.5817						
37491	3.6042						
37494	3.6183						
37495	3.6258						
37496	3.6050						
37497	3.6117						
37498	3.6250						
37501	3.6280						
37502	3.6330						
37503	3.6368						
37504	3.6247						
37505	3.6092						
37508	3.6092						
37509	3.6183						
37510	3.6100						
37511	3.6237						
37512	3.6297						
37515	3.6393						
37516	3.6342						
37517	3.6317						
37518	3.6508						
37519	3.6580						
37522	3.6492						
37523	3.6583						
37524	3.6650						
37525	3.6678						
37526	3.7010						
37529	3.7267						
37530	3.7417						
37531	3.7608						
37532	3.7508						
37533	3.7397						
37536	3.7560						
37537	3.7422						
37538	3.7150						
37539	3.6907						
37540	3.7052						
37544	3.6792						
37545	3.6120						
37546	3.5742						
37547	3.5938						
37550	3.6100						
37551	3.6150						
37552	3.6002						
37553	3.6033						
37554	3.6060						
37557	3.5900						
37558	3.5792						
37559	3.5532						
37560	3.5232						
37561	3.5182						
37564	3.5410						
37565	3.5367						
37567	3.5395						
37568	3.5343						
37571	3.5422						
37572	3.5292						
37573	3.5303						
37574	3.5358						
37575	3.5317						
37578	3.5270						
37579	3.5127						
37580	3.5123						
37581	3.5067						
37582	3.5023						
37585	3.5047						
37586	3.4795						
37587	3.4882						
37588	3.5425						
37589	3.5962						
37592	3.5875						
37593	3.5372						
37594	3.5285						
37595	3.5188						
37596	3.5307						
37599	3.5333						
37600	3.5268						
37601	3.5065						
37602	3.4975						
37603	3.5088						
37606	3.5365						
37607	3.5380						
37608	3.5118						
37609	3.4792						
37610	3.4748						
37613	3.4700						
37614	3.4467						
37616	3.4128						
37617	3.3967						
37620	3.3885						
37621	3.3630						
37623	3.3625						
37624	3.3328						
37627	3.3290						
37628	3.2888						
37629	3.2935						
37630	3.3143						
37631	3.3533						
37634	3.3450						
37635	3.3037						
37636	3.2275						
37637	3.2438						
37638	3.2440						
37641	3.1933						
37642	3.1328						
37643	3.0633						
37644	3.1200						
37645	3.1733						
37648	3.2592						
37649	3.3433						
37650	3.3350						
37651	3.2400						
37652	3.1817						
37655	3.1983						
37656	3.1567						
37657	3.1533						
37658	3.1458						
37659	3.1517						
37662	3.1458						
37663	3.1017						
37664	3.0848						
37665	3.1167						
37666	3.1908						
37669	3.1617						
37670	3.1585						
37671	3.1843						
37672	3.2317						
37673	3.2025						
37676	3.1838						
37677	3.1500						
37678	3.1622						
37679	3.1817						
37680	3.2013						
37683	3.2187						
37684	3.1962						
37685	3.1740						
37686	3.1808						
37687	3.1715						
37690	3.1493						
37691	3.1370						
37692	3.1133						
37693	3.1078						
37694	3.1208						
37697	3.1000						
37698	3.0655						
37699	3.0192						
37700	3.0195						
37701	3.0357						
37704	3.0088						
37705	2.9417						
37706	2.9012						
37707	2.8710						
37708	2.9625						
37712	2.9792						
37713	2.9243						
37714	2.9000						
37715	2.9022						
37718	2.8932						
37719	2.9092						
37720	2.9187						
37721	2.8950						
37722	2.8897						
37725	2.9240						
37726	2.9590						
37727	2.9377						
37732	2.8953						
37733	2.8552						
37734	2.8378						
37735	2.8520						
37736	2.8752						
37739	2.8602						
37740	2.8547						
37741	2.8295						
37743	2.7947						
37746	2.7975						
37747	2.7965						
37748	2.8055						
37749	2.7683						
37750	2.7602						
37753	2.7740						
37754	2.7485						
37755	2.7678						
37756	2.8395						
37757	2.9083						
37760	2.9500						
37761	2.8832						
37762	2.8530						
37763	2.8390						
37764	2.8913						
37767	2.8825						
37768	2.8683						
37769	2.8753						
37770	2.8825						
37771	2.8632						
37774	2.8468						
37775	2.8380						
37776	2.8255						
37777	2.8225						
37778	2.8243						
37781	2.8150						
37782	2.8110						
37783	2.8112						
37784	2.8383						
37785	2.8265						
37789	2.8043						
37790	2.7950						
37791	2.7987						
37792	2.8027						
37795	2.7957						
37796	2.7728						
37797	2.7615						
37798	2.7857						
37799	2.7940						
37802	2.8075						
37803	2.8003						
37804	2.8012						
37805	2.7967						
37806	2.7953						
37809	2.7902						
37810	2.7760						
37812	2.7673						
37813	2.7582						
37816	2.7647						
37817	2.7815						
37818	2.7715						
37819	2.7873						
37820	2.7990						
37823	2.7973						
37824	2.7863						
37825	2.7757						
37826	2.7900						
37827	2.8183						
37830	2.8182						
37831	2.8423						
37832	2.8797						
37833	2.9313						
37834	2.9300						
37837	2.9618						
37838	2.9385						
37839	2.9310						
37840	2.9288						
37841	2.9248						
37844	2.9207						
37845	2.9073						
37846	2.8842						
37847	2.8960						
37848	2.9000						
37852	2.9020						
37853	2.9060						
37854	2.9352						
37855	2.9700						
37858	2.9298						
37859	2.9217						
37860	2.9572						
37861	2.9720						
37862	2.9528						
37865	2.9630						
37866	2.9658						
37867	2.9773						
37868	2.9607						
37869	2.9370						
37872	2.9428						
37873	2.9567						
37874	2.9353						
37875	2.9028						
37876	2.8942						
37879	2.8898						
37880	2.8917						
37881	2.9067						
37882	2.9178						
37883	2.9117						
37886	2.9107						
37887	2.8963						
37888	2.8933						
37889	2.8900						
37890	2.9007						
37893	2.9055						
37894	2.9110						
37895	2.9127						
37896	2.9012						
37897	2.8952						
37900	2.8782						
37901	2.8685						
37902	2.8628						
37903	2.8497						
37904	2.8330						
37908	2.8372						
37909	2.8417						
37910	2.8443						
37911	2.8502						
37914	2.8513						
37915	2.8510						
37916	2.8535						
37917	2.8460						
37918	2.8428						
37921	2.8383						
37922	2.8490						
37923	2.8518						
37924	2.8632						
37925	2.8775						
37928	2.8603						
37929	2.8517						
37930	2.8603						
37932	2.8538						
37935	2.8453						
37936	2.8535						
37937	2.8550						
37938	2.8583						
37939	2.8718						
37942	2.8760						
37943	2.8625						
37944	2.8690						
37945	2.8795						
37946	2.8873						
37949	2.8918						
37950	2.9157						
37951	2.9380						
37952	2.9770						
37953	2.9877						
37956	2.9898						
37957	2.9720						
37958	2.9800						
37959	2.9707						
37960	2.9693						
37964	2.9547						
37965	2.9377						
37966	2.9473						
37967	2.9563						
37970	2.9610						
37971	2.9713						
37972	2.9717						
37973	2.9658						
37974	2.9710						
37977	2.9660						
37978	2.9567						
37979	2.9605						
37981	2.9535						
37984	2.9503						
37985	2.9345						
37986	2.9330						
37988	2.9243						
37991	2.8922						
37992	2.8573						
37993	2.8730						
37994	2.8902						
37995	2.8892						
37998	2.8663						
37999	2.8567						
38000	2.8767						
38001	2.8710						
38002	2.8722						
38005	2.8882						
38006	2.8858						
38007	2.8932						
38008	2.9112						
38009	2.8952						
38012	2.9090						
38013	2.9050						
38014	2.9175						
38015	2.9428						
38016	2.9327						
38019	2.9390						
38020	2.9252						
38021	2.9337						
38022	2.9600						
38023	2.9613						
38026	2.9445						
38027	2.9280						
38028	2.9428						
38029	2.9275						
38030	2.9173						
38033	2.9168						
38034	2.9165						
38035	2.9342						
38036	2.9398						
38037	2.9412						
38040	2.9218						
38041	2.9218						
38042	2.9192						
38043	2.9243						
38044	2.9235						
38047	2.9163						
38048	2.9233						
38049	2.9122						
38050	2.9165						
38051	2.9325						
38054	2.9387						
38055	2.9250						
38056	2.9042						
38057	2.9182						
38058	2.9120						
38061	2.9118						
38062	2.9027						
38063	2.8932						
38064	2.8832						
38065	2.8825						
38068	2.8667						
38069	2.8658						
38070	2.8752						
38071	2.8818						
38072	2.8782						
38075	2.8840						
38076	2.8650						
38077	2.8550						
38078	2.8522						
38079	2.8457						
38083	2.8445						
38084	2.8108						
38089	2.8037						
38090	2.8162						
38091	2.8167						
38092	2.8142						
38093	2.8195						
38096	2.8230						
38097	2.8355						
38098	2.8518						
38099	2.8633						
38100	2.8583						
38103	2.8407						
38104	2.8298						
38105	2.8483						
38106	2.8630						
38107	2.8452						
38110	2.8438						
38111	2.8592						
38112	2.8640						
38113	2.8837						
38114	2.9183						
38117	2.9597						
38118	2.9143						
38119	2.9098						
38120	2.9278						
38121	2.9097						
38124	2.9097						
38125	2.9057						
38126	2.9102						
38127	2.9313						
38128	2.9525						
38131	2.9512						
38133	2.9535						
38134	2.9622						
38135	2.9627						
38138	2.9642						
38139	2.9658						
38140	2.9537						
38141	2.9533						
38142	2.9690						
38145	2.9650						
38146	2.9743						
38147	2.9620						
38148	2.9638						
38149	2.9695						
38152	2.9708						
38153	2.9552						
38154	2.9543						
38155	2.9555						
38156	2.9632						
38160	2.9632						
38161	2.9505						
38162	2.9378						
38163	2.9543						
38166	2.9593						
38167	2.9642						
38168	2.9607						
38169	2.9505						
38170	2.9472						
38173	2.9485						
38174	2.9417						
38175	2.9428						
38176	2.9532						
38180	2.9570						
38181	2.9513						
38182	2.9473						
38183	2.9463						
38184	2.9382						
38187	2.9443						
38188	2.9497						
38189	2.9522						
38190	2.9550						
38191	2.9620						
38194	2.9730						
38195	2.9745						
38196	2.9713						
38197	2.9775						
38198	2.9760						
38201	2.9852						
38202	2.9932						
38203	3.0118						
38204	3.0400						
38205	3.0718						
38208	3.0450						
38209	3.0230						
38210	3.0280						
38211	3.0207						
38212	3.0112						
38216	3.0107						
38217	3.0180						
38218	3.0070						
38219	3.0087						
38222	3.0077						
38223	3.0020						
38224	2.9892						
38225	2.9938						
38226	3.0097						
38229	3.0082						
38230	3.0003						
38231	2.9977						
38232	3.0017						
38233	3.0020						
38236	2.9928						
38237	2.9932						
38238	2.9948						
38239	3.0045						
38240	3.0095						
38243	3.0087						
38244	2.9957						
38245	2.9832						
38246	2.9803						
38247	3.0048						
38250	2.9938						
38251	3.0028						
38252	3.0010						
38253	2.9925						
38254	2.9983						
38257	2.9948						
38258	2.9910						
38259	2.9867						
38260	2.9825						
38261	2.9790						
38264	2.9730						
38265	2.9698						
38266	2.9720						
38267	2.9743						
38268	2.9657						
38272	2.9663						
38273	2.9735						
38274	2.9752						
38275	2.9718						
38278	2.9610						
38279	2.9558						
38280	2.9633						
38281	2.9563						
38282	2.9588						
38285	2.9688						
38286	2.9713						
38287	2.9737						
38288	2.9758						
38289	2.9782						
38292	2.9680						
38293	2.9590						
38294	2.9558						
38295	2.9587						
38296	2.9622						
38299	2.9673						
38300	2.9757						
38301	2.9690						
38302	2.9678						
38303	2.9638						
38306	2.9553						
38307	2.9517						
38308	2.9427						
38309	2.9343						
38310	2.9443						
38313	2.9543						
38314	2.9490						
38315	2.9427						
38316	2.9437						
38317	2.9402						
38320	2.9455						
38321	2.9510						
38322	2.9418						
38323	2.9537						
38324	2.9715						
38327	2.9830						
38328	2.9913						
38330	2.9797						
38331	2.9758						
38334	2.9762						
38335	2.9725						
38336	2.9795						
38337	2.9863						
38338	2.9868						
38341	2.9707						
38342	2.9537						
38343	2.9617						
38344	2.9607						
38345	2.9550						
38348	2.9583						
38349	2.9682						
38350	2.9830						
38351	2.9770						
38352	2.9738						
38355	2.9653						
38356	2.9705						
38357	2.9712						
38358	2.9718						
38359	2.9653						
38362	2.9670						
38363	2.9653						
38364	2.9538						
38365	2.9375						
38366	2.9388						
38369	2.9332						
38370	2.9375						
38371	2.9365						
38372	2.9443						
38373	2.9432						
38376	2.9392						
38377	2.9258						
38378	2.9233						
38379	2.9258						
38380	2.9260						
38383	2.9253						
38384	2.9202						
38385	2.9243						
38386	2.9213						
38387	2.9177						
38390	2.9190						
38391	2.9150						
38392	2.9087						
38393	2.9087						
38394	2.9122						
38397	2.9060						
38398	2.9057						
38399	2.8973						
38400	2.8893						
38401	2.9050						
38404	2.9105						
38405	2.9155						
38406	2.9280						
38407	2.9353						
38408	2.9345						
38411	2.9327						
38412	2.9422						
38413	2.9518						
38414	2.9522						
38415	2.9397						
38418	2.9253						
38419	2.9312						
38420	2.9355						
38421	2.9353						
38422	2.9232						
38425	2.9183						
38426	2.9178						
38427	2.9230						
38428	2.9200						
38429	2.9145						
38432	2.9163						
38433	2.9142						
38434	2.9165						
38439	2.9188						
38440	2.9222						
38441	2.9163						
38442	2.9233						
38443	2.9188						
38446	2.9187						
38447	2.9158						
38448	2.9067						
38449	2.8925						
38450	2.8938						
38453	2.8927						
38454	2.8897						
38455	2.8823						
38456	2.8838						
38457	2.8938						
38460	2.9012						
38461	2.8983						
38462	2.9025						
38463	2.9002						
38464	2.9012						
38467	2.9013						
38468	2.9002						
38469	2.8982						
38470	2.9037						
38471	2.9133						
38474	2.9040						
38475	2.8968						
38476	2.8963						
38477	2.8957						
38478	2.8970						
38481	2.8970						
38482	2.8917						
38483	2.8940						
38484	2.8965						
38485	2.8968						
38488	2.8857						
38489	2.8850						
38490	2.8873						
38491	2.8843						
38492	2.8875						
38495	2.8862						
38496	2.8840						
38498	2.8862						
38499	2.8850						
38502	2.8852						
38503	2.8877						
38504	2.8820						
38505	2.8845						
38506	2.8857						
38509	2.8948						
38510	2.8948						
38511	2.8927						
38512	2.8963						
38513	2.8930						
38516	2.8902						
38517	2.8780						
38518	2.8678						
38519	2.8750						
38520	2.8725						
38524	2.8703						
38525	2.8650						
38526	2.8692						
38527	2.8790						
38530	2.8845						
38531	2.8940						
38532	2.8953						
38533	2.8908						
38534	2.8845						
38537	2.8835						
38538	2.8865						
38539	2.8840						
38540	2.8802						
38541	2.8723						
38544	2.8633						
38545	2.8760						
38546	2.8695						
38547	2.8687						
38548	2.8620						
38551	2.8682						
38552	2.8622						
38553	2.8610						
38554	2.8598						
38555	2.8637						
38558	2.8648						
38559	2.8612						
38560	2.8615						
38561	2.8652						
38562	2.8628						
38565	2.8592						
38566	2.8593						
38567	2.8600						
38568	2.8613						
38569	2.8645						
38572	2.8677						
38573	2.8730						
38574	2.8738						
38575	2.8783						
38576	2.8820						
38580	2.8865						
38581	2.8928						
38582	2.8957						
38583	2.9072						
38586	2.9065						
38587	2.9090						
38588	2.9098						
38589	2.9078						
38590	2.9083						
38593	2.9108						
38594	2.9112						
38595	2.9117						
38596	2.9098						
38597	2.9105						
38600	2.9075						
38601	2.9072						
38602	2.9055						
38603	2.9043						
38604	2.9087						
38607	2.9153						
38608	2.9195						
38609	2.9193						
38610	2.9165						
38611	2.9135						
38614	2.9097						
38615	2.9140						
38616	2.9140						
38617	2.9132						
38618	2.9108						
38621	2.9098						
38622	2.9085						
38623	2.9128						
38624	2.9148						
38625	2.9125						
38628	2.9082						
38629	2.9112						
38630	2.9187						
38631	2.9297						
38632	2.9365						
38636	2.9415						
38637	2.9622						
38638	2.9773						
38639	2.9805						
38642	2.9680						
38643	2.9667						
38644	2.9740						
38645	2.9762						
38646	2.9855						
38649	2.9778						
38650	2.9790						
38651	2.9952						
38652	3.0125						
38653	3.0105						
38656	3.0097						
38657	2.9952						
38658	2.9927						
38659	2.9837						
38660	2.9842						
38663	2.9763						
38664	2.9668						
38665	2.9638						
38666	2.9732						
38667	2.9693						
38670	2.9653						
38671	2.9598						
38672	2.9483						
38673	2.9477						
38674	2.9430						
38677	2.9405						
38678	2.9435						
38679	2.9458						
38680	2.9538						
38681	2.9673						
38684	2.9923						
38685	2.9928						
38686	2.9735						
38687	2.9700						
38688	2.9765						
38691	2.9885						
38692	2.9983						
38693	2.9878						
38695	3.0010						
38698	3.0093						
38699	3.0082						
38700	2.9990						
38701	3.0065						
38702	3.0523						
38705	3.0427						
38706	3.0280						
38707	3.0338						
38708	3.0310						
38709	3.0200						
38712	3.0223						
38713	3.0243						
38714	3.0410						
38715	3.0315						
38716	3.0315						
38719	3.0305						
38720	3.0373						
38721	3.0417						
38722	3.0445						
38723	3.0510						
38726	3.0632						
38727	3.0613						
38728	3.0522						
38729	3.0438						
38730	3.0407						
38733	3.0363						
38734	3.0390						
38735	3.0477						
38736	3.0465						
38737	3.0370						
38740	3.0357						
38741	3.0357						
38742	3.0415						
38743	3.0532						
38744	3.0535						
38747	3.0568						
38748	3.0637						
38749	3.0625						
38750	3.0678						
38751	3.0663						
38754	3.0643						
38755	3.0697						
38756	3.0757						
38757	3.0673						
38758	3.0635						
38761	3.0678						
38762	3.0702						
38763	3.0698						
38764	3.0675						
38765	3.0657						
38768	3.0670						
38769	3.0672						
38770	3.0713						
38771	3.0723						
38772	3.0752						
38775	3.0742						
38776	3.0728						
38777	3.0698						
38778	3.0650						
38779	3.0680						
38782	3.0758						
38783	3.0792						
38784	3.0823						
38785	3.0797						
38786	3.0815						
38789	3.0817						
38790	3.0773						
38791	3.0730						
38792	3.0715						
38793	3.0730						
38796	3.0732						
38797	3.0748						
38798	3.0752						
38799	3.0753						
38803	3.0795						
38804	3.0845						
38805	3.0783						
38806	3.0798						
38807	3.0808						
38810	3.0818						
38811	3.0828						
38812	3.0807						
38813	3.0787						
38814	3.0790						
38817	3.0800						
38818	3.0788						
38819	3.0770						
38824	3.0770						
38825	3.0717						
38826	3.0687						
38827	3.0625						
38828	3.0573						
38831	3.0538						
38832	3.0418						
38833	3.0407						
38834	3.0367						
38835	3.0438						
38839	3.0442						
38840	3.0433						
38841	3.0383						
38842	3.0403						
38845	3.0387						
38846	3.0398						
38847	3.0407						
38848	3.0373						
38849	3.0367						
38852	3.0408						
38853	3.0402						
38854	3.0453						
38855	3.0517						
38856	3.0550						
38859	3.0675						
38860	3.0687						
38861	3.0798						
38863	3.0697						
38866	3.0775						
38867	3.0808						
38868	3.0868						
38869	3.0803						
38870	3.0760						
38873	3.0780						
38874	3.0823						
38875	3.0805						
38876	3.0827						
38877	3.0813						
38880	3.0817						
38881	3.0822						
38882	3.0810						
38883	3.0778						
38884	3.0785						
38888	3.0797						
38889	3.0767						
38890	3.0753						
38891	3.0805						
38894	3.0823						
38895	3.0885						
38896	3.0898						
38897	3.0867						
38898	3.0848						
38901	3.0845						
38902	3.0848						
38903	3.0858						
38904	3.0858						
38905	3.0850						
38908	3.0865						
38909	3.0857						
38910	3.0823						
38911	3.0847						
38912	3.0843						
38915	3.0832						
38916	3.0818						
38917	3.0807						
38918	3.0803						
38919	3.0813						
38922	3.0818						
38923	3.0787						
38924	3.0760						
38925	3.0752						
38926	3.0780						
38929	3.0748						
38930	3.0708						
38931	3.0717						
38932	3.0705						
38933	3.0658						
38936	3.0705						
38937	3.0725						
38938	3.0698						
38939	3.0695						
38940	3.0692						
38943	3.0725						
38944	3.0760						
38945	3.0768						
38946	3.0755						
38947	3.0812						
38951	3.0838						
38952	3.0858						
38953	3.0860						
38954	3.0895						
38957	3.0953						
38958	3.0930						
38959	3.0945						
38960	3.0972						
38961	3.0943						
38964	3.0948						
38965	3.0953						
38966	3.1003						
38967	3.1023						
38968	3.0990						
38971	3.1015						
38972	3.1050						
38973	3.1068						
38974	3.1010						
38975	3.0983						
38978	3.0978						
38979	3.0972						
38980	3.0988						
38981	3.0995						
38982	3.0998						
38985	3.0982						
38986	3.1008						
38987	3.1032						
38988	3.1033						
38989	3.1043						
38992	3.1023						
38993	3.1033						
38994	3.1055						
38995	3.1042						
38996	3.1058						
38999	3.1062						
39000	3.1060						
39001	3.1072						
39002	3.1052						
39003	3.1028						
39007	3.1020						
39008	3.0957						
39009	3.0900						
39010	3.0910						
39013	3.0908						
39014	3.0897						
39015	3.0920						
39016	3.0907						
39017	3.0890						
39020	3.0953						
39021	3.0933						
39022	3.0887						
39023	3.0858						
39024	3.0830						
39028	3.0803						
39029	3.0722						
39030	3.0687						
39031	3.0710						
39034	3.0760						
39035	3.0753						
39036	3.0692						
39037	3.0680						
39038	3.0732						
39041	3.0738						
39042	3.0790						
39043	3.0785						
39044	3.0727						
39045	3.0735						
39048	3.0770						
39049	3.0790						
39050	3.0763						
39051	3.0693						
39052	3.0660						
39055	3.0630						
39056	3.0563						
39057	3.0562						
39058	3.0593						
39062	3.0607						
39063	3.0562						
39064	3.0557						
39065	3.0578						
39066	3.0573						
39069	3.0568						
39070	3.0578						
39071	3.0530						
39072	3.0492						
39073	3.0517						
39077	3.0662						
39078	3.0792						
39079	3.0732						
39080	3.0695						
39084	3.0577						
39085	3.0553						
39086	3.0700						
39087	3.0772						
39090	3.0802						
39091	3.0832						
39092	3.0840						
39093	3.0805						
39094	3.0812						
39097	3.0788						
39098	3.0805						
39099	3.0782						
39100	3.0793						
39101	3.0845						
39104	3.0883						
39105	3.0972						
39106	3.0975						
39107	3.0948						
39108	3.1032						
39111	3.1068						
39112	3.1062						
39113	3.1063						
39114	3.1040						
39115	3.0988						
39118	3.1002						
39119	3.1033						
39120	3.1008						
39121	3.1045						
39122	3.1045						
39125	3.1058						
39126	3.1008						
39127	3.0995						
39128	3.0975						
39129	3.1035						
39132	3.1035						
39133	3.1045						
39134	3.1038						
39135	3.1047						
39136	3.1038						
39139	3.1040						
39140	3.1040						
39141	3.1010						
39142	3.1002						
39143	3.0963						
39146	3.1015						
39147	3.1010						
39148	3.1033						
39149	3.1038						
39150	3.1040						
39153	3.1047						
39154	3.1023						
39155	3.0987						
39156	3.0975						
39157	3.0970						
39160	3.0995						
39161	3.1000						
39162	3.0997						
39163	3.0988						
39164	3.0988						
39167	3.1020						
39168	3.1058						
39169	3.1060						
39170	3.1013						
39171	3.1007						
39175	3.1007						
39176	3.1008						
39181	3.0968						
39182	3.0945						
39183	3.0918						
39184	3.0855						
39185	3.0890						
39188	3.0885						
39189	3.0835						
39190	3.0808						
39191	3.0865						
39192	3.0870						
39195	3.0862						
39196	3.0808						
39197	3.0838						
39198	3.0868						
39199	3.0902						
39202	3.0898						
39204	3.0848						
39205	3.0852						
39206	3.0825						
39209	3.0805						
39210	3.0805						
39211	3.0782						
39212	3.0795						
39213	3.0807						
39216	3.0805						
39217	3.0748						
39218	3.0755						
39219	3.0763						
39220	3.0780						
39223	3.0765						
39224	3.0727						
39225	3.0825						
39226	3.0848						
39230	3.0840						
39231	3.0828						
39232	3.0815						
39233	3.0785						
39234	3.0748						
39237	3.0727						
39238	3.0730						
39239	3.0765						
39240	3.0773						
39241	3.0780						
39244	3.0747						
39245	3.0762						
39246	3.0752						
39247	3.0738						
39248	3.0722						
39252	3.0748						
39253	3.0777						
39254	3.0808						
39255	3.0825						
39258	3.0832						
39259	3.0882						
39260	3.0932						
39261	3.0897						
39262	3.0908						
39265	3.0918						
39266	3.0917						
39267	3.0915						
39268	3.0995						
39269	3.1048						
39273	3.1058						
39274	3.1022						
39275	3.1002						
39276	3.0998						
39279	3.1003						
39280	3.1028						
39281	3.1023						
39282	3.1030						
39283	3.1082						
39286	3.1233						
39287	3.1382						
39288	3.1713						
39289	3.1457						
39290	3.1223						
39293	3.1200						
39294	3.1195						
39295	3.1317						
39296	3.1325						
39297	3.1403						
39300	3.1413						
39301	3.1415						
39302	3.1352						
39303	3.1413						
39304	3.1480						
39307	3.1427						
39308	3.1450						
39309	3.1508						
39310	3.1658						
39311	3.1530						
39315	3.1585						
39316	3.1645						
39317	3.1712						
39318	3.1730						
39321	3.1695						
39322	3.1677						
39323	3.1628						
39324	3.1598						
39325	3.1558						
39328	3.1585						
39329	3.1625						
39330	3.1652						
39331	3.1627						
39332	3.1628						
39335	3.1615						
39336	3.1518						
39337	3.1405						
39338	3.1327						
39339	3.1325						
39342	3.1352						
39343	3.1355						
39344	3.1318						
39345	3.1345						
39346	3.1428						
39349	3.1473						
39350	3.1458						
39351	3.1462						
39352	3.1498						
39353	3.1495						
39356	3.1497						
39357	3.1470						
39358	3.1497						
39359	3.1545						
39360	3.1550						
39363	3.1592						
39364	3.1610						
39365	3.1613						
39366	3.1575						
39367	3.1570						
39371	3.1625						
39372	3.1593						
39373	3.1628						
39374	3.1640						
39377	3.1682						
39378	3.1708						
39379	3.1778						
39380	3.1797						
39381	3.1743						
39384	3.1613						
39385	3.1495						
39386	3.1477						
39387	3.1395						
39388	3.1310						
39391	3.1307						
39393	3.1313						
39394	3.1242						
39395	3.1315						
39398	3.1303						
39399	3.1347						
39400	3.1310						
39401	3.1268						
39402	3.1288						
39405	3.1320						
39406	3.1290						
39407	3.1373						
39408	3.1407						
39409	3.1438						
39412	3.1438						
39413	3.1462						
39414	3.1482						
39415	3.1492						
39416	3.1442						
39419	3.1407						
39420	3.1372						
39421	3.1318						
39422	3.1335						
39423	3.1343						
39426	3.1398						
39427	3.1393						
39428	3.1388						
39429	3.1408						
39430	3.1445						
39433	3.1447						
39434	3.1385						
39435	3.1353						
39436	3.1345						
39437	3.1373						
39442	3.1442						
39443	3.1475						
39444	3.1510						
39449	3.1473						
39450	3.1422						
39451	3.1415						
39454	3.1370						
39455	3.1318						
39456	3.1287						
39457	3.1285						
39458	3.1282						
39461	3.1312						
39462	3.1407						
39463	3.1413						
39464	3.1480						
39465	3.1525						
39468	3.1575						
39469	3.1568						
39470	3.1570						
39471	3.1538						
39472	3.1465						
39475	3.1507						
39476	3.1473						
39477	3.1530						
39478	3.1557						
39479	3.1527						
39482	3.1527						
39483	3.1588						
39484	3.1682						
39485	3.1670						
39486	3.1695						
39489	3.1677						
39490	3.1637						
39491	3.1608						
39492	3.1542						
39493	3.1537						
39496	3.1535						
39497	3.1538						
39498	3.1548						
39499	3.1505						
39500	3.1528						
39503	3.1572						
39504	3.1595						
39505	3.1573						
39506	3.1575						
39507	3.1587						
39510	3.1608						
39511	3.1550						
39512	3.1518						
39513	3.1525						
39514	3.1535						
39517	3.1572						
39518	3.1530						
39519	3.1527						
39520	3.1502						
39521	3.1448						
39524	3.1503						
39525	3.1470						
39526	3.1497						
39532	3.1615						
39533	3.1688						
39534	3.1672						
39535	3.1638						
39538	3.1653						
39539	3.1668						
39541	3.1625						
39542	3.1625						
39545	3.1600						
39546	3.1578						
39547	3.1585						
39548	3.1573						
39549	3.1520						
39552	3.1527						
39553	3.1553						
39554	3.1633						
39555	3.1692						
39556	3.1698						
39559	3.1732						
39560	3.1845						
39561	3.1825						
39562	3.1833						
39563	3.1815						
39566	3.1707						
39567	3.1705						
39568	3.1635						
39570	3.1683						
39573	3.1725						
39574	3.1758						
39575	3.1805						
39576	3.1812						
39577	3.1752						
39580	3.1773						
39581	3.1740						
39582	3.1615						
39583	3.1608						
39584	3.1577						
39587	3.1443						
39588	3.1438						
39589	3.1342						
39590	3.1327						
39591	3.1350						
39594	3.1390						
39595	3.1335						
39596	3.1175						
39597	3.1105						
39598	3.0978						
39601	3.0932						
39602	3.0725						
39603	3.0600						
39604	3.0612						
39605	3.0565						
39608	3.0588						
39609	3.0635						
39610	3.0612						
39611	3.0527						
39612	3.0523						
39616	3.0343						
39617	3.0305						
39618	3.0272						
39619	3.0240						
39622	3.0202						
39623	3.0128						
39624	3.0150						
39625	3.0222						
39626	3.0247						
39629	3.0242						
39630	3.0242						
39631	3.0198						
39632	3.0267						
39633	3.0288						
39636	3.0195						
39637	3.0143						
39639	3.0158						
39640	3.0212						
39643	3.0255						
39644	3.0227						
39645	3.0255						
39646	3.0220						
39647	3.0238						
39650	3.0238						
39651	3.0252						
39652	3.0222						
39653	3.0153						
39654	3.0173						
39657	3.0185						
39658	3.0232						
39659	3.0258						
39660	3.0305						
39661	3.0400						
39664	3.0378						
39665	3.0395						
39666	3.0432						
39667	3.0462						
39668	3.0522						
39671	3.0435						
39672	3.0338						
39673	3.0353						
39674	3.0285						
39675	3.0285						
39679	3.0290						
39680	3.0270						
39681	3.0253						
39682	3.0228						
39685	3.0238						
39686	3.0260						
39687	3.0278						
39688	3.0265						
39689	3.0288						
39692	3.0305						
39693	3.0317						
39694	3.0462						
39695	3.0392						
39696	3.0388						
39699	3.0415						
39700	3.0548						
39701	3.0680						
39702	3.0867						
39703	3.0802						
39706	3.0877						
39707	3.0945						
39708	3.0997						
39709	3.1130						
39710	3.1058						
39713	3.1135						
39714	3.1027						
39715	3.1022						
39716	3.1095						
39717	3.1158						
39720	3.1198						
39721	3.1302						
39722	3.1350						
39723	3.1395						
39724	3.1615						
39727	3.1950						
39728	3.2115						
39729	3.2222						
39730	3.2268						
39731	3.2552						
39735	3.2062						
39736	3.2013						
39737	3.2037						
39738	3.2070						
39741	3.2178						
39742	3.2235						
39743	3.2163						
39744	3.2425						
39745	3.2645						
39748	3.2878						
39749	3.3088						
39750	3.3797						
39751	3.3627						
39752	3.3790						
39755	3.3800						
39756	3.3687						
39757	3.3042						
39759	3.3093						
39762	3.3033						
39763	3.2993						
39764	3.3020						
39765	3.3083						
39766	3.3107						
39769	3.3177						
39770	3.3175						
39771	3.3268						
39772	3.3282						
39773	3.3328						
39776	3.3368						
39777	3.3390						
39778	3.3455						
39779	3.3552						
39780	3.3690						
39783	3.3763						
39784	3.3920						
39785	3.4042						
39786	3.4277						
39787	3.4488						
39791	3.4417						
39792	3.4202						
39793	3.4132						
39794	3.4165						
39797	3.4307						
39798	3.4183						
39799	3.3998						
39800	3.4090						
39801	3.4062						
39804	3.4182						
39805	3.4292						
39806	3.4363						
39808	3.4420						
39811	3.4415						
39812	3.4498						
39813	3.4537						
39815	3.4543						
39818	3.4603						
39819	3.4502						
39820	3.4568						
39821	3.4547						
39822	3.4497						
39825	3.4500						
39826	3.4505						
39827	3.4510						
39828	3.4525						
39829	3.4548						
39832	3.4572						
39833	3.4585						
39834	3.4653						
39835	3.4735						
39836	3.4780						
39839	3.4842						
39840	3.4823						
39841	3.4855						
39842	3.4875						
39843	3.4875						
39846	3.4888						
39847	3.4960						
39848	3.4957						
39849	3.4870						
39850	3.4860						
39853	3.4877						
39854	3.4880						
39855	3.4868						
39856	3.4930						
39857	3.4930						
39860	3.4972						
39861	3.5002						
39862	3.5077						
39863	3.5218						
39864	3.5378						
39867	3.5443						
39868	3.5518						
39869	3.5530						
39870	3.5550						
39871	3.5595						
39874	3.5905						
39875	3.6138						
39876	3.6143						
39877	3.6245						
39878	3.6283						
39881	3.6377						
39882	3.6388						
39883	3.6400						
39884	3.6470						
39885	3.6495						
39888	3.6497						
39889	3.6467						
39890	3.6527						
39891	3.6555						
39892	3.6547						
39895	3.6717						
39897	3.6858						
39898	3.6917						
39899	3.7103						
39902	3.7167						
39903	3.7135						
39904	3.7185						
39906	3.7017						
39909	3.6848						
39910	3.6738						
39911	3.6780						
39916	3.6777						
39917	3.6823						
39918	3.6772						
39919	3.6760						
39920	3.6798						
39923	3.6868						
39924	3.6925						
39925	3.6967						
39926	3.6980						
39927	3.6967						
39930	3.7012						
39931	3.7118						
39932	3.7208						
39933	3.7198						
39937	3.6928						
39938	3.6945						
39939	3.7022						
39940	3.7152						
39941	3.7198						
39944	3.7187						
39945	3.7200						
39946	3.7225						
39947	3.7263						
39948	3.7290						
39951	3.7288						
39952	3.7268						
39953	3.7300						
39954	3.7348						
39955	3.7378						
39959	3.7398						
39960	3.7392						
39961	3.7403						
39962	3.7465						
39965	3.7468						
39966	3.7432						
39967	3.7427						
39968	3.7432						
39969	3.7473						
39972	3.7570						
39973	3.7595						
39974	3.7587						
39975	3.7615						
39976	3.7630						
39980	3.7672						
39981	3.7667						
39982	3.7678						
39983	3.7708						
39986	3.7792						
39987	3.7857						
39988	3.7893						
39989	3.7955						
39990	3.8008						
39993	3.7897						
39994	3.7952						
39995	3.7983						
39996	3.7998						
39997	3.8015						
40000	3.8055						
40001	3.8040						
40002	3.8090						
40007	3.8110						
40008	3.8070						
40009	3.8062						
40010	3.8077						
40011	3.8075						
40014	3.8078						
40015	3.8083						
40016	3.8078						
40017	3.8088						
40018	3.8090						
40021	3.8103						
40022	3.8132						
40023	3.8207						
40024	3.8305						
40025	3.8305						
40028	3.8272						
40029	3.8223						
40030	3.8245						
40031	3.8247						
40032	3.8260						
40035	3.8277						
40036	3.8303						
40037	3.8325						
40038	3.8358						
40039	3.8398						
40043	3.8445						
40044	3.8478						
40045	3.8492						
40046	3.8503						
40049	3.8508						
40050	3.8512						
40051	3.8498						
40052	3.8488						
40053	3.8478						
40056	3.8525						
40057	3.8470						
40058	3.8455						
40059	3.8462						
40060	3.8468						
40063	3.8490						
40064	3.8497						
40065	3.8533						
40066	3.8542						
40067	3.8545						
40070	3.8523						
40071	3.8322						
40072	3.8275						
40073	3.8292						
40074	3.8360						
40077	3.8378						
40078	3.8338						
40079	3.8377						
40080	3.8352						
40081	3.8385						
40084	3.8398						
40085	3.8432						
40086	3.8427						
40087	3.8417						
40088	3.8452						
40091	3.8405						
40092	3.8345						
40093	3.8343						
40094	3.8333						
40095	3.8298						
40099	3.8240						
40100	3.8222						
40101	3.8200						
40102	3.8193						
40105	3.8212						
40106	3.8210						
40107	3.8203						
40108	3.8220						
40109	3.8202						
40112	3.8198						
40113	3.8208						
40114	3.8205						
40115	3.8208						
40116	3.8190						
40119	3.8192						
40120	3.8192						
40121	3.8172						
40122	3.8175						
40126	3.8165						
40127	3.8155						
40128	3.8135						
40129	3.8123						
40130	3.8142						
40133	3.8145						
40134	3.8155						
40135	3.8122						
40136	3.8052						
40137	3.8013						
40140	3.7988						
40141	3.7995						
40142	3.8033						
40143	3.8052						
40144	3.8082						
40147	3.8102						
40148	3.8108						
40149	3.8123						
40150	3.8107						
40151	3.8072						
40154	3.8065						
40156	3.8008						
40157	3.8015						
40158	3.8002						
40161	3.8068						
40162	3.8153						
40163	3.8108						
40164	3.8130						
40165	3.8205						
40168	3.8127						
40169	3.8063						
40170	3.7957						
40171	3.7937						
40175	3.7920						
40176	3.8157						
40177	3.8182						
40178	3.7967						
40182	3.7975						
40183	3.7978						
40184	3.8105						
40185	3.8030						
40186	3.8013						
40189	3.7968						
40190	3.7942						
40191	3.7970						
40192	3.7965						
40193	3.7988						
40196	3.7975						
40197	3.8008						
40198	3.8013						
40199	3.8062						
40200	3.8110						
40203	3.8059						
40204	3.8098						
40205	3.8170						
40206	3.8173						
40207	3.8230						
40210	3.8407						
40211	3.8310						
40212	3.8332						
40213	3.8410						
40214	3.8447						
40217	3.8407						
40218	3.8427						
40219	3.8458						
40220	3.8502						
40221	3.8537						
40224	3.8577						
40225	3.8612						
40226	3.8557						
40227	3.8582						
40228	3.8587						
40231	3.8608						
40232	3.8677						
40233	3.8595						
40234	3.8617						
40235	3.8598						
40238	3.8597						
40239	3.8578						
40240	3.8543						
40241	3.8563						
40242	3.8573						
40245	3.8595						
40246	3.8618						
40247	3.8615						
40248	3.8588						
40249	3.8597						
40252	3.8618						
40253	3.8628						
40254	3.8613						
40255	3.8622						
40256	3.8628						
40259	3.8638						
40260	3.8635						
40262	3.8658						
40263	3.8672						
40266	3.8713						
40267	3.8748						
40268	3.8763						
40273	3.8768						
40274	3.8788						
40275	3.8798						
40276	3.8758						
40277	3.8745						
40280	3.8775						
40281	3.8808						
40282	3.8790						
40283	3.8748						
40284	3.8717						
40287	3.8682						
40288	3.8715						
40289	3.8717						
40290	3.8713						
40291	3.8722						
40294	3.8722						
40295	3.8765						
40296	3.8803						
40297	3.8818						
40298	3.8862						
40301	3.8860						
40302	3.8898						
40303	3.9010						
40304	3.8975						
40305	3.8952						
40308	3.8947						
40309	3.8958						
40310	3.8955						
40311	3.8958						
40312	3.8958						
40315	3.8998						
40316	3.9062						
40317	3.9098						
40318	3.9068						
40319	3.9062						
40324	3.9088						
40325	3.9115						
40326	3.9145						
40329	3.9268						
40330	3.9308						
40331	3.9288						
40332	3.9230						
40333	3.9230						
40336	3.9252						
40337	3.9215						
40338	3.9160						
40339	3.9175						
40340	3.9230						
40343	3.9268						
40344	3.9257						
40345	3.9258						
40346	3.9262						
40347	3.9265						
40351	3.9288						
40352	3.9295						
40353	3.9283						
40354	3.9323						
40357	3.9332						
40358	3.9333						
40359	3.9318						
40360	3.9325						
40361	3.9342						
40364	3.9355						
40365	3.9345						
40366	3.9358						
40367	3.9367						
40371	3.9375						
40372	3.9358						
40373	3.9347						
40374	3.9348						
40375	3.9357						
40378	3.9345						
40379	3.9353						
40380	3.9348						
40381	3.9335						
40382	3.9318						
40385	3.9322						
40386	3.9315						
40387	3.9338						
40388	3.9367						
40389	3.9395						
40392	3.9388						
40393	3.9352						
40394	3.9325						
40395	3.9347						
40396	3.9325						
40399	3.9308						
40400	3.9328						
40401	3.9345						
40402	3.9338						
40403	3.9328						
40407	3.9333						
40408	3.9338						
40409	3.9368						
40410	3.9382						
40413	3.9395						
40414	3.9415						
40415	3.9455						
40416	3.9448						
40417	3.9438						
40420	3.9445						
40421	3.9497						
40422	3.9488						
40423	3.9488						
40424	3.9442						
40427	3.9455						
40428	3.9462						
40429	3.9468						
40430	3.9452						
40431	3.9460						
40434	3.9468						
40435	3.9492						
40436	3.9503						
40437	3.9495						
40438	3.9495						
40441	3.9512						
40442	3.9512						
40443	3.9523						
40444	3.9522						
40445	3.9552						
40448	3.9607						
40449	3.9715						
40450	3.9698						
40451	3.9607						
40452	3.9612						
40455	3.9612						
40456	3.9590						
40457	3.9587						
40458	3.9595						
40459	3.9573						
40463	3.9558						
40464	3.9532						
40465	3.9513						
40466	3.9503						
40469	3.9550						
40470	3.9557						
40471	3.9585						
40472	3.9602						
40473	3.9577						
40476	3.9565						
40477	3.9558						
40479	3.9588						
40480	3.9570						
40483	3.9580						
40484	3.9585						
40485	3.9567						
40486	3.9572						
40487	3.9578						
40490	3.9595						
40491	3.9612						
40492	3.9623						
40493	3.9633						
40494	3.9632						
40497	3.9662						
40498	3.9695						
40499	3.9760						
40500	3.9725						
40501	3.9735						
40505	3.9742						
40506	3.9732						
40507	3.9735						
40508	3.9768						
40511	3.9825						
40512	3.9840						
40513	3.9855						
40514	3.9802						
40515	3.9795						
40518	3.9772						
40519	3.9782						
40521	3.9775						
40522	3.9762						
40525	3.9740						
40526	3.9732						
40527	3.9738						
40528	3.9755						
40529	3.9755						
40532	3.9748						
40533	3.9745						
40534	3.9738						
40535	3.9753						
40539	3.9845						
40540	3.9857						
40541	3.9818						
40542	3.9758						
40546	3.9738						
40547	3.9730						
40548	3.9725						
40549	3.9715						
40550	3.9738						
40553	3.9788						
40554	3.9770						
40555	3.9765						
40556	3.9750						
40557	3.9777						
40560	3.9787						
40561	3.9803						
40562	3.9828						
40563	3.9823						
40564	3.9832						
40567	3.9845						
40568	3.9872						
40569	3.9888						
40570	3.9913						
40571	3.9980						
40574	4.0008						
40575	4.0088						
40576	4.0107						
40577	4.0143						
40578	4.0172						
40581	4.0187						
40582	4.0192						
40583	4.0167						
40584	4.0183						
40585	4.0220						
40588	4.0235						
40589	4.0248						
40590	4.0245						
40591	4.0240						
40592	4.0248						
40595	4.0273						
40596	4.0282						
40597	4.0288						
40598	4.0282						
40599	4.0287						
40602	4.0305						
40603	4.0308						
40604	4.0315						
40605	4.0298						
40606	4.0298						
40611	4.0325						
40612	4.0320						
40613	4.0307						
40616	4.0288						
40617	4.0325						
40618	4.0365						
40619	4.0398						
40620	4.0393						
40623	4.0408						
40624	4.0408						
40625	4.0415						
40630	4.0438						
40631	4.0453						
40632	4.0492						
40633	4.0520						
40634	4.0542						
40637	4.0522						
40638	4.0525						
40639	4.0535						
40640	4.0535						
40641	4.0502						
40644	4.0495						
40645	4.0498						
40646	4.0553						
40647	4.0652						
40648	4.0688						
40651	4.0733						
40652	4.0752						
40653	4.0782						
40658	4.0828						
40659	4.0822						
40660	4.0835						
40661	4.0837						
40662	4.0805						
40665	4.0805						
40666	4.0788						
40667	4.0795						
40668	4.0812						
40669	4.0805						
40672	4.0822						
40673	4.0818						
40674	4.0822						
40675	4.0833						
40676	4.0828						
40679	4.0845						
40680	4.0852						
40681	4.0858						
40682	4.0855						
40683	4.0865						
40686	4.0862						
40687	4.0865						
40689	4.0865						
40690	4.0857						
40693	4.0877						
40694	4.0887						
40695	4.0890						
40696	4.0898						
40697	4.0905						
40700	4.0908						
40701	4.0925						
40702	4.0925						
40703	4.0925						
40704	4.0928						
40707	4.0935						
40708	4.0925						
40709	4.0932						
40710	4.0945						
40711	4.0945						
40715	4.0970						
40716	4.0982						
40717	4.0992						
40718	4.0998						
40721	4.1020						
40722	4.1032						
40723	4.1070						
40724	4.1110						
40725	4.1105						
40728	4.1140						
40729	4.1162						
40730	4.1175						
40731	4.1198						
40732	4.1230						
40735	4.1227						
40736	4.1225						
40737	4.1218						
40738	4.1225						
40739	4.1230						
40742	4.1263						
40743	4.1297						
40744	4.1363						
40745	4.1378						
40746	4.1395						
40749	4.1390						
40750	4.1372						
40751	4.1380						
40752	4.1398						
40753	4.1430						
40756	4.1460						
40757	4.1478						
40758	4.1502						
40759	4.1530						
40760	4.1545						
40763	4.1568						
40764	4.1562						
40765	4.1572						
40766	4.1585						
40767	4.1592						
40770	4.1595						
40771	4.1623						
40772	4.1655						
40773	4.1713						
40774	4.1772						
40778	4.1828						
40779	4.1863						
40780	4.1868						
40781	4.1855						
40784	4.1875						
40785	4.1917						
40786	4.1995						
40787	4.2063						
40788	4.2173						
40791	4.2092						
40792	4.2077						
40793	4.2065						
40794	4.2052						
40795	4.2040						
40798	4.2042						
40799	4.2037						
40800	4.2035						
40801	4.2043						
40802	4.2045						
40805	4.2047						
40806	4.1972						
40807	4.1910						
40808	4.1978						
40809	4.2030						
40812	4.2045						
40813	4.2045						
40814	4.2045						
40815	4.2045						
40816	4.2045						
40819	4.2045						
40820	4.2045						
40821	4.2057						
40822	4.2085						
40823	4.2095						
40827	4.2108						
40828	4.2105						
40829	4.2133						
40830	4.2148						
40833	4.2220						
40834	4.2245						
40835	4.2318						
40836	4.2345						
40837	4.2345						
40840	4.2355						
40841	4.2355						
40842	4.2358						
40843	4.2353						
40844	4.2355						
40847	4.2355						
40848	4.2377						
40849	4.2478						
40850	4.2503						
40851	4.2510						
40854	4.2575						
40855	4.2600						
40856	4.2605						
40857	4.2613						
40858	4.2648						
40861	4.2715						
40862	4.2727						
40863	4.2595						
40864	4.2572						
40865	4.2567						
40868	4.2575						
40869	4.2593						
40870	4.2608						
40871	4.2628						
40872	4.2633						
40876	4.2695						
40877	4.2807						
40878	4.2832						
40879	4.2842						
40882	4.2860						
40883	4.2812						
40884	4.2780						
40889	4.2792						
40890	4.2795						
40891	4.2802						
40892	4.2823						
40893	4.2875						
40896	4.2921						
40897	4.2925						
40898	4.2928						
40899	4.2922						
40900	4.2927						
40904	4.2955						
40905	4.3012						
40906	4.3035						
40907	4.3032						
40911	4.3052						
40912	4.3048						
40913	4.3067						
40914	4.3152						
40917	4.3182						
40918	4.3133						
40919	4.3133						
40920	4.3120						
40921	4.3118						
40924	4.3148						
40925	4.3170						
40926	4.3188						
40927	4.3207						
40928	4.3222						
40931	4.3257						
40932	4.3312						
40933	4.3365						
40934	4.3383						
40935	4.3367						
40938	4.3345						
40939	4.3362						
40940	4.3357						
40941	4.3347						
40942	4.3337						
40945	4.3342						
40946	4.3368						
40947	4.3398						
40948	4.3448						
40949	4.3463						
40952	4.3463						
40953	4.3473						
40954	4.3492						
40955	4.3522						
40956	4.3550						
40961	4.3552						
40962	4.3550						
40963	4.3548						
40967	4.3558						
40968	4.3565						
40969	4.3548						
40970	4.3433						
40973	4.3345						
40974	4.3353						
40975	4.3362						
40976	4.3368						
40977	4.3410						
40980	4.3458						
40981	4.3497						
40982	4.3560						
40983	4.3557						
40984	4.3540						
40987	4.3633						
40988	4.3640						
40989	4.3668						
40990	4.3655						
40991	4.3667						
40994	4.3697						
40995	4.3725						
40996	4.3735						
40997	4.3753						
40998	4.3785						
41002	4.3798						
41003	4.3843						
41008	4.3868						
41009	4.3835						
41010	4.3850						
41011	4.3907						
41012	4.3948						
41015	4.3953						
41016	4.3948						
41017	4.3992						
41018	4.4037						
41019	4.4052						
41022	4.4070						
41023	4.4098						
41024	4.4130						
41025	4.4145						
41026	4.4148						
41031	4.4205						
41032	4.4273						
41033	4.4275						
41036	4.4317						
41037	4.4367						
41038	4.4405						
41039	4.4397						
41040	4.4380						
41043	4.4420						
41044	4.4428						
41045	4.4437						
41046	4.4505						
41047	4.4543						
41050	4.4622						
41051	4.4675						
41052	4.4692						
41053	4.4697						
41057	4.4770						
41058	4.4735						
41059	4.4723						
41060	4.4713						
41061	4.4708						
41064	4.4733						
41065	4.4787						
41066	4.4903						
41067	4.4863						
41068	4.4853						
41071	4.4890						
41072	4.4892						
41073	4.4905						
41074	4.4950						
41075	4.4965						
41078	4.4995						
41079	4.5028						
41081	4.5052						
41082	4.5103						
41085	4.5133						
41086	4.5168						
41087	4.5157						
41088	4.5213						
41089	4.5253						
41092	4.5300						
41093	4.5258						
41094	4.5255						
41095	4.5275						
41096	4.5322						
41100	4.5385						
41101	4.5403						
41102	4.5430						
41103	4.5478						
41106	4.5483						
41107	4.5512						
41108	4.5533						
41109	4.5583						
41110	4.5620						
41113	4.5688						
41114	4.5707						
41115	4.5712						
41116	4.5717						
41117	4.5783						
41120	4.5813						
41121	4.5833						
41122	4.5862						
41123	4.5870						
41124	4.5877						
41127	4.5907						
41128	4.5940						
41129	4.5973						
41130	4.5992						
41131	4.6012						
41134	4.6047						
41135	4.6062						
41136	4.6075						
41137	4.6092						
41138	4.6138						
41142	4.6187						
41143	4.6178						
41144	4.6173						
41145	4.6202						
41148	4.6287						
41149	4.6322						
41150	4.6312						
41151	4.6307						
41152	4.6347						
41155	4.6423						
41156	4.6448						
41157	4.6505						
41158	4.6535						
41159	4.6585						
41162	4.6620						
41163	4.6623						
41164	4.6622						
41165	4.6627						
41166	4.6685						
41169	4.6737						
41170	4.6750						
41171	4.6802						
41172	4.6822						
41173	4.6842						
41177	4.6897						
41178	4.6900						
41179	4.6915						
41180	4.6942						
41183	4.6992						
41184	4.6998						
41185	4.7012						
41186	4.7038						
41187	4.7077						
41191	4.7128						
41192	4.7135						
41193	4.7195						
41194	4.7227						
41197	4.7255						
41198	4.7293						
41199	4.7325						
41200	4.7332						
41201	4.7368						
41204	4.7432						
41205	4.7440						
41206	4.7467						
41207	4.7508						
41208	4.7532						
41211	4.7558						
41212	4.7600						
41213	4.7655						
41214	4.7700						
41215	4.7708						
41218	4.7722						
41220	4.7715						
41221	4.7725						
41222	4.7770						
41225	4.7822						
41226	4.7832						
41227	4.7855						
41228	4.7908						
41229	4.7980						
41232	4.8028						
41233	4.8058						
41234	4.8090						
41235	4.8235						
41236	4.8210						
41240	4.8227						
41241	4.8253						
41242	4.8302						
41243	4.8338						
41246	4.8398						
41247	4.8445						
41248	4.8505						
41249	4.8542						
41250	4.8617						
41253	4.8632						
41254	4.8655						
41255	4.8718						
41256	4.8735						
41257	4.8770						
41260	4.8832						
41261	4.8860						
41262	4.8948						
41263	4.8987						
41264	4.9032						
41269	4.9100						
41270	4.9125						
41271	4.9130						
41274	4.9173						
41276	4.9228						
41277	4.9263						
41278	4.9262						
41281	4.9288						
41282	4.9312						
41283	4.9353						
41284	4.9385						
41285	4.9408						
41288	4.9480						
41289	4.9507						
41290	4.9493						
41291	4.9495						
41292	4.9500						
41295	4.9563						
41296	4.9588						
41297	4.9608						
41298	4.9625						
41299	4.9640						
41302	4.9702						
41303	4.9740						
41304	4.9768						
41306	4.9828						
41309	4.9825						
41310	4.9833						
41311	4.9855						
41312	4.9913						
41313	4.9963						
41318	5.0020						
41319	5.0047						
41320	5.0088						
41323	5.0187						
41324	5.0215						
41326	5.0275						
41327	5.0300						
41330	5.0337						
41331	5.0358						
41332	5.0392						
41333	5.0448						
41334	5.0475						
41337	5.0523						
41338	5.0555						
41339	5.0592						
41340	5.0628						
41341	5.0648						
41344	5.0692						
41345	5.0765						
41346	5.0788						
41347	5.0843						
41348	5.0902						
41351	5.0967						
41352	5.0967						
41353	5.0958						
41354	5.0997						
41355	5.1077						
41358	5.1160						
41359	5.1193						
41360	5.1223						
41367	5.1303						
41368	5.1328						
41369	5.1370						
41372	5.1345						
41373	5.1373						
41374	5.1400						
41375	5.1432						
41376	5.1468						
41379	5.1522						
41380	5.1552						
41381	5.1558						
41382	5.1580						
41383	5.1613						
41386	5.1667						
41387	5.1693						
41388	5.1747						
41389	5.1753						
41390	5.1752						
41393	5.1805						
41394	5.1840						
41396	5.1898						
41397	5.1968						
41400	5.2065						
41401	5.2095						
41402	5.2130						
41403	5.2197						
41404	5.2268						
41407	5.2313						
41408	5.2360						
41409	5.2355						
41410	5.2340						
41411	5.2343						
41414	5.2423						
41415	5.2472						
41416	5.2512						
41417	5.2602						
41418	5.2662						
41421	5.2685						
41422	5.2702						
41423	5.2743						
41424	5.2798						
41425	5.2837						
41428	5.2875						
41429	5.2895						
41430	5.2917						
41431	5.2955						
41432	5.2995						
41435	5.3052						
41436	5.3093						
41437	5.3167						
41438	5.3250						
41439	5.3302						
41442	5.3368						
41443	5.3395						
41444	5.3467						
41449	5.3592						
41450	5.3635						
41451	5.3688						
41452	5.3758						
41453	5.3852						
41456	5.3900						
41457	5.3932						
41458	5.3990						
41459	5.4050						
41460	5.4048						
41463	5.4073						
41465	5.4125						
41466	5.4183						
41467	5.4242						
41470	5.4303						
41471	5.4345						
41472	5.4383						
41473	5.4465						
41474	5.4593						
41477	5.4623						
41478	5.4617						
41479	5.4638						
41480	5.4710						
41481	5.4807						
41484	5.4908						
41485	5.4993						
41486	5.5065						
41487	5.5082						
41488	5.5173						
41491	5.5202						
41492	5.5275						
41493	5.5285						
41494	5.5377						
41495	5.5428						
41498	5.5493						
41499	5.5603						
41500	5.5682						
41501	5.5748						
41502	5.5892						
41506	5.5962						
41507	5.6008						
41508	5.6115						
41509	5.6217						
41512	5.6302						
41513	5.6428						
41514	5.6492						
41515	5.6610						
41516	5.6713						
41519	5.6845						
41520	5.6910						
41521	5.7000						
41522	5.7097						
41523	5.7027						
41526	5.7038						
41527	5.7102						
41528	5.7207						
41529	5.7195						
41530	5.7238						
41533	5.7313						
41534	5.7408						
41535	5.7498						
41536	5.7578						
41537	5.7597						
41540	5.7703						
41541	5.7713						
41542	5.7710						
41543	5.7797						
41544	5.7905						
41547	5.7915						
41548	5.7995						
41549	5.8028						
41550	5.8118						
41551	5.8128						
41554	5.8188						
41555	5.8220						
41556	5.8228						
41557	5.8278						
41558	5.8325						
41562	5.8388						
41563	5.8410						
41564	5.8488						
41565	5.8528						
41568	5.8610						
41569	5.8617						
41570	5.8628						
41571	5.8682						
41572	5.8780						
41575	5.8897						
41576	5.8927						
41577	5.9032						
41578	5.9108						
41579	5.9215						
41582	5.9403						
41583	5.9530						
41585	5.9432						
41586	5.9595						
41589	5.9713						
41590	5.9742						
41591	5.9765						
41592	5.9858						
41593	5.9932						
41596	6.0020						
41597	6.0248						
41598	6.0442						
41599	6.0577						
41600	6.0765						
41604	6.0933						
41605	6.1065						
41606	6.1243						
41607	6.1360						
41610	6.1547						
41611	6.1713						
41612	6.1973						
41613	6.2203						
41614	6.2407						
41617	6.2458						
41618	6.2623						
41619	6.2738						
41620	6.2808						
41621	6.2908						
41624	6.3050						
41625	6.3282						
41626	6.3560						
41627	6.3977						
41628	6.4205						
41631	6.4408						
41634	6.4712						
41635	6.4892						
41638	6.5180						
41641	6.5430						
41642	6.5580						
41645	6.5857						
41646	6.5988						
41647	6.6042						
41648	6.6283						
41649	6.6498						
41652	6.6905						
41653	6.7080						
41654	6.7408						
41655	6.7733						
41656	6.8055						
41659	6.8295						
41660	6.8763						
41661	6.9120						
41662	7.5272						
41663	8.0183						
41666	8.0058						
41667	8.0173						
41668	8.0150						
41669	8.0225						
41670	8.0182						
41673	8.0178						
41674	8.0118						
41675	7.9667						
41676	7.9050						
41677	7.8648						
41680	7.8383						
41681	7.8173						
41682	7.8165						
41683	7.8030						
41684	7.7803						
41687	7.7645						
41688	7.7635						
41689	7.7745						
41690	7.8023						
41691	7.8408						
41694	7.8610						
41695	7.8640						
41696	7.8730						
41697	7.8873						
41698	7.8782						
41703	7.8822						
41704	7.8782						
41705	7.8657						
41708	7.8665						
41709	7.8675						
41710	7.8747						
41711	7.8832						
41712	7.8953						
41715	7.9090						
41716	7.9348						
41717	7.9545						
41718	7.9592						
41719	7.9707						
41723	7.9955						
41724	8.0053						
41725	8.0065						
41726	8.0048						
41729	8.0098						
41730	8.0012						
41732	8.0028						
41733	8.0008						
41736	8.0018						
41737	8.0013						
41738	8.0008						
41739	8.0012						
41740	8.0013						
41743	8.0018						
41744	8.0020						
41745	8.0007						
41750	8.0020						
41751	8.0015						
41752	8.0008						
41753	8.0008						
41754	8.0005						
41757	8.0005						
41758	8.0005						
41759	8.0015						
41764	8.0012						
41765	8.0005						
41766	8.0005						
41767	8.0008						
41768	8.0035						
41771	8.0063						
41772	8.0197						
41773	8.0287						
41774	8.0535						
41775	8.0605						
41778	8.0632						
41779	8.0602						
41780	8.0613						
41781	8.0632						
41782	8.0653						
41785	8.0692						
41786	8.0677						
41787	8.0745						
41788	8.0758						
41789	8.0777						
41792	8.0825						
41793	8.0893						
41794	8.1032						
41795	8.1150						
41796	8.1412						
41799	8.1308						
41800	8.1322						
41801	8.1320						
41802	8.1322						
41803	8.1325						
41806	8.1362						
41807	8.1313						
41808	8.1297						
41809	8.1317						
41813	8.1323						
41814	8.1312						
41815	8.1305						
41816	8.1318						
41817	8.1320						
41820	8.1327						
41821	8.1345						
41822	8.1380						
41823	8.1393						
41824	8.1437						
41827	8.1415						
41828	8.1418						
41830	8.1463						
41831	8.1502						
41834	8.1538						
41835	8.1530						
41836	8.1525						
41837	8.1555						
41838	8.1577						
41841	8.1628						
41842	8.1640						
41843	8.1685						
41844	8.1730						
41845	8.1768						
41848	8.1835						
41849	8.1883						
41850	8.1980						
41851	8.2102						
41852	8.2243						
41855	8.2492						
41856	8.2663						
41857	8.2705						
41858	8.2727						
41859	8.2713						
41862	8.2738						
41863	8.2718						
41864	8.2732						
41865	8.2762						
41866	8.2803						
41870	8.2845						
41871	8.2952						
41872	8.3530						
41873	8.4245						
41876	8.4125						
41877	8.4110						
41878	8.4077						
41879	8.4052						
41880	8.4040						
41883	8.4087						
41884	8.4103						
41885	8.4135						
41886	8.4018						
41887	8.4120						
41890	8.4200						
41891	8.4087						
41892	8.4045						
41893	8.4023						
41894	8.4022						
41897	8.4035						
41898	8.4032						
41899	8.4082						
41900	8.4237						
41901	8.4235						
41904	8.4288						
41905	8.4320						
41906	8.4272						
41907	8.4255						
41908	8.4402						
41911	8.4600						
41912	8.4643						
41913	8.4475						
41914	8.4478						
41915	8.4590						
41918	8.4645						
41919	8.4670						
41920	8.4643						
41921	8.4740						
41922	8.4782						
41926	8.4752						
41927	8.4780						
41928	8.4785						
41929	8.4765						
41932	8.4837						
41933	8.4953						
41934	8.4915						
41935	8.4895						
41936	8.4917						
41939	8.4960						
41940	8.5010						
41941	8.5027						
41942	8.5027						
41943	8.5023						
41946	8.5070						
41947	8.5065						
41948	8.5087						
41950	8.5090						
41953	8.5127						
41954	8.5122						
41955	8.5115						
41956	8.5102						
41957	8.5115						
41960	8.5115						
41961	8.5130						
41962	8.5137						
41963	8.5147						
41964	8.5158						
41968	8.5197						
41969	8.5232						
41970	8.5260						
41971	8.5255						
41974	8.5263						
41975	8.5362						
41976	8.5415						
41977	8.5445						
41978	8.5522						
41982	8.5555						
41983	8.5538						
41984	8.5535						
41985	8.5527						
41988	8.5533						
41989	8.5517						
41990	8.5517						
41991	8.5518						
41992	8.5518						
41995	8.5523						
41996	8.5518						
41997	8.5540						
42002	8.5540						
42003	8.5520						
42006	8.5537						
42009	8.5573						
42010	8.5668						
42011	8.5788						
42012	8.5900						
42013	8.5927						
42016	8.5933						
42017	8.5937						
42018	8.5955						
42019	8.5972						
42020	8.5990						
42023	8.6040						
42024	8.6082						
42025	8.6120						
42026	8.6205						
42027	8.6260						
42030	8.6287						
42031	8.6288						
42032	8.6313						
42033	8.6330						
42034	8.6395						
42037	8.6488						
42038	8.6603						
42039	8.6623						
42040	8.6625						
42041	8.6615						
42044	8.6647						
42045	8.6702						
42046	8.6753						
42047	8.6788						
42048	8.6825						
42053	8.6898						
42054	8.6933						
42055	8.7008						
42058	8.7072						
42059	8.7153						
42060	8.7218						
42061	8.7260						
42062	8.7243						
42065	8.7310						
42066	8.7360						
42067	8.7430						
42068	8.7473						
42069	8.7557						
42072	8.7612						
42073	8.7682						
42074	8.7748						
42075	8.7787						
42076	8.7830						
42079	8.7833						
42080	8.7855						
42081	8.7913						
42082	8.7933						
42083	8.7963						
42088	8.8023						
42089	8.8040						
42090	8.8090						
42093	8.8158						
42094	8.8197						
42095	8.8260						
42100	8.8295						
42101	8.8343						
42102	8.8388						
42103	8.8435						
42104	8.8482						
42107	8.8543						
42108	8.8578						
42109	8.8638						
42110	8.8673						
42111	8.8668						
42114	8.8692						
42115	8.8728						
42116	8.8772						
42117	8.8823						
42118	8.8878						
42121	8.8935						
42122	8.8975						
42123	8.8995						
42124	8.9047						
42128	8.9103						
42129	8.9142						
42130	8.9190						
42131	8.9232						
42132	8.9270						
42135	8.9318						
42136	8.9357						
42137	8.9388						
42138	8.9440						
42139	8.9475						
42142	8.9510						
42143	8.9568						
42144	8.9607						
42145	8.9657						
42146	8.9698						
42150	8.9745						
42151	8.9810						
42152	8.9848						
42153	8.9893						
42156	8.9965						
42157	9.0008						
42158	9.0050						
42159	9.0095						
42160	9.0143						
42163	9.0180						
42164	9.0223						
42165	9.0282						
42166	9.0325						
42167	9.0360						
42170	9.0403						
42171	9.0450						
42172	9.0477						
42173	9.0522						
42174	9.0565						
42177	9.0605						
42178	9.0645						
42179	9.0690						
42180	9.0723						
42181	9.0767						
42184	9.0818						
42185	9.0865						
42186	9.0920						
42187	9.0973						
42188	9.1022						
42191	9.1072						
42192	9.1127						
42193	9.1170						
42195	9.1220						
42198	9.1273						
42199	9.1320						
42200	9.1362						
42201	9.1415						
42202	9.1462						
42205	9.1503						
42206	9.1548						
42207	9.1600						
42208	9.1643						
42209	9.1683						
42212	9.1727						
42213	9.1778						
42214	9.1815						
42215	9.1843						
42216	9.1873						
42219	9.1937						
42220	9.1987						
42221	9.2035						
42222	9.2088						
42223	9.2135						
42226	9.2183						
42227	9.2243						
42228	9.2312						
42229	9.2362						
42230	9.2408						
42234	9.2455						
42235	9.2505						
42236	9.2550						
42237	9.2598						
42240	9.2662						
42241	9.2720						
42242	9.2780						
42243	9.2840						
42244	9.2898						
42247	9.2955						
42248	9.3020						
42249	9.3088						
42250	9.3150						
42251	9.3237						
42254	9.3338						
42255	9.3347						
42256	9.3430						
42257	9.3490						
42258	9.3533						
42261	9.3572						
42262	9.3638						
42263	9.3693						
42264	9.3750						
42265	9.3803						
42268	9.3858						
42269	9.3917						
42270	9.3978						
42271	9.4023						
42272	9.4053						
42275	9.4095						
42276	9.4147						
42277	9.4192						
42278	9.4273						
42279	9.4355						
42282	9.4408						
42283	9.4492						
42284	9.4537						
42285	9.4608						
42286	9.4655						
42290	9.4712						
42291	9.4802						
42292	9.4830						
42293	9.4888						
42296	9.4962						
42297	9.5020						
42298	9.5087						
42299	9.5132						
42300	9.5198						
42303	9.5268						
42304	9.5322						
42305	9.5380						
42306	9.5420						
42307	9.5460						
42310	9.5540						
42311	9.5620						
42312	9.5697						
42313	9.5785						
42317	9.5860						
42318	9.5940						
42319	9.6023						
42320	9.6138						
42321	9.6223						
42324	9.6298						
42325	9.6400						
42326	9.6478						
42327	9.6560						
42328	9.6662						
42331	9.6710						
42332	9.6732						
42333	9.6780						
42334	9.6847						
42338	9.6880						
42339	9.6975						
42340	9.7070						
42341	9.7178						
42342	9.7273						
42347	9.7367						
42348	9.7488						
42349	9.7728						
42352	9.7875						
42353	9.8060						
42354	9.8268						
42355	13.7633						
42356	13.4217						
42359	12.8083						
42360	12.9375						
42361	13.0442						
42362	13.0500						
42366	13.0558						
42367	12.9658						
42368	12.9757						
42369	13.0050						
42373	13.0692						
42374	13.4550						
42375	13.8350						
42376	13.9413						
42377	13.8650						
42380	13.8725						
42381	13.5833						
42382	13.5600						
42383	13.4600						
42384	13.4367						
42387	13.5117						
42388	13.4867						
42389	13.4467						
42390	13.5533						
42391	13.7150						
42394	13.7832						
42395	13.8378						
42396	13.8912						
42397	13.8892						
42398	13.9040						
42401	14.0883						
42402	14.1367						
42403	14.1433						
42404	14.1862						
42405	14.3142						
42410	14.4717						
42411	14.5592						
42412	14.7298						
42415	14.7733						
42416	14.8498						
42417	14.9142						
42418	15.0333						
42419	15.0283						
42422	15.0900						
42423	15.4200						
42424	15.3483						
42425	15.3708						
42426	15.4350						
42429	15.5842						
42430	15.9192						
42431	15.6852						
42432	15.4450						
42433	15.1950						
42436	15.3442						
42437	15.4392						
42438	15.3633						
42439	15.3403						
42440	15.1183						
42443	14.8017						
42444	14.6083						
42445	14.5093						
42446	14.6273						
42447	14.8217						
42450	14.5808						
42451	14.2458						
42452	14.4260						
42457	14.6383						
42458	14.8840						
42459	14.6167						
42460	14.5817						
42461	14.7033						
42464	14.7792						
42465	14.6817						
42466	14.6913						
42467	14.5250						
42468	14.4300						
42471	14.5100						
42472	14.5400						
42473	14.4242						
42474	14.3683						
42475	14.2950						
42478	14.1400						
42479	14.1418						
42480	14.2425						
42481	14.3600						
42482	14.4558						
42485	14.3308						
42486	14.3122						
42487	14.2408						
42488	14.1702						
42489	14.2582						
42492	14.2617						
42493	14.2098						
42494	14.2133						
42495	14.2535						
42496	14.2355						
42499	14.2242						
42500	14.2312						
42501	14.2220						
42502	14.1987						
42503	14.1622						
42506	14.1498						
42507	14.1318						
42508	14.1108						
42509	14.1222						
42510	14.0803						
42513	14.0117						
42514	14.0233						
42516	14.0875						
42517	13.9867						
42520	13.9633						
42521	14.0127						
42522	13.9537						
42523	13.9343						
42524	13.8783						
42527	13.7773						
42528	13.8042						
42529	13.8350						
42530	13.8498						
42531	13.8197						
42534	13.7983						
42535	13.7725						
42536	13.7568						
42537	13.7935						
42542	13.8783						
42543	14.0253						
42544	14.1908						
42545	14.8365						
42548	15.0302						
42549	15.0563						
42550	14.9042						
42551	14.9200						
42552	15.1190						
42555	15.0675						
42556	15.0187						
42557	14.7550						
42558	14.6925						
42562	14.7100						
42563	14.5992						
42564	14.5718						
42565	14.6203						
42566	14.8583						
42569	15.0557						
42570	15.1933						
42571	14.9967						
42572	15.0425						
42573	14.9517						
42576	14.9267						
42577	14.9583						
42578	14.9783						
42579	15.0275						
42580	15.0447						
42583	14.9858						
42584	14.8542						
42585	14.8675						
42586	14.8812						
42587	14.8483						
42590	14.7908						
42591	14.7675						
42592	14.7472						
42593	14.6583						
42594	14.6525						
42598	14.6702						
42599	14.6975						
42600	14.8525						
42601	14.9425						
42604	14.8995						
42605	14.8325						
42606	14.8747						
42607	14.8837						
42608	14.9290						
42611	15.0608						
42612	15.0988						
42613	14.9008						
42614	14.8843						
42615	14.9000						
42618	14.9950						
42619	15.0067						
42620	15.0250						
42621	15.0665						
42622	15.0577						
42625	14.9887						
42626	14.9125						
42627	15.0275						
42628	15.0402						
42629	15.0892						
42632	15.1508						
42633	15.1617						
42634	15.1365						
42635	15.1682						
42636	15.1607						
42639	15.2067						
42640	15.2677						
42641	15.3050						
42642	15.4023						
42643	15.2633						
42646	15.2250						
42647	15.1800						
42648	15.1825						
42649	15.2232						
42650	15.2092						
42654	15.1862						
42655	15.1522						
42656	15.1152						
42657	15.1217						
42660	15.2100						
42661	15.2015						
42662	15.2065						
42663	15.1817						
42664	15.1503						
42667	15.1183						
42668	15.1922						
42669	15.2242						
42670	15.1797						
42671	15.1858						
42674	15.1745						
42675	15.1252						
42676	15.0842						
42677	15.1250						
42678	15.0745						
42681	15.0367						
42682	15.0393						
42683	15.0200						
42684	15.0183						
42685	15.2217						
42688	15.5308						
42689	15.5417						
42690	15.5500						
42691	15.4735						
42692	15.4817						
42695	15.3990						
42696	15.4060						
42697	15.5310						
42698	15.5300						
42699	15.5350						
42703	15.5702						
42704	15.8442						
42705	15.8740						
42706	15.8770						
42709	15.9397						
42710	15.8683						
42711	15.9580						
42716	16.0392						
42717	16.0183						
42718	15.9133						
42719	15.9992						
42720	15.9523						
42723	15.8567						
42724	15.8273						
42725	15.8648						
42726	15.7733						
42727	15.5993						
42730	15.5525						
42731	15.5225						
42732	15.5725						
42733	15.7333						
42734	15.8502						
42737	15.9192						
42738	15.8955						
42739	16.0533						
42740	15.9942						
42741	15.8535						
42744	15.8083						
42745	15.8677						
42746	15.8575						
42747	15.8208						
42748	15.8430						
42751	15.8695						
42752	15.8827						
42753	15.9517						
42754	15.9783						
42755	15.8567						
42758	15.9218						
42759	15.9558						
42760	15.9312						
42761	15.9448						
42762	15.8908						
42765	15.9350						
42766	15.9117						
42767	15.8350						
42768	15.7235						
42769	15.6542						
42772	15.6175						
42773	15.7212						
42774	15.6850						
42775	15.6325						
42776	15.5483						
42779	15.5262						
42780	15.4845						
42781	15.4587						
42782	15.3675						
42783	15.5750						
42786	15.7150						
42787	15.6642						
42788	15.5358						
42789	15.5698						
42790	15.4550						
42795	15.4770						
42796	15.3875						
42797	15.4500						
42800	15.4375						
42801	15.5008						
42802	15.5933						
42803	15.6250						
42804	15.4767						
42807	15.5163						
42808	15.5358						
42809	15.5467						
42810	15.5283						
42811	15.5342						
42814	15.6687						
42815	15.6353						
42816	15.5815						
42817	15.6260						
42821	15.6075						
42822	15.5433						
42823	15.4678						
42824	15.3998						
42825	15.3818						
42828	15.4175						
42829	15.3790						
42830	15.3520						
42831	15.4075						
42832	15.3745						
42835	15.3293						
42836	15.2393						
42837	15.1742						
42842	15.2098						
42843	15.2255						
42844	15.4167						
42845	15.4042						
42846	15.3930						
42849	15.4192						
42850	15.4142						
42851	15.4432						
42852	15.4532						
42853	15.4268						
42857	15.3258						
42858	15.2687						
42859	15.3722						
42860	15.3350						
42863	15.3908						
42864	15.5467						
42865	15.5347						
42866	15.4575						
42867	15.4127						
42870	15.4848						
42871	15.5928						
42872	15.6248						
42873	15.9108						
42874	15.8858						
42877	16.0700						
42878	16.0967						
42879	16.0975						
42881	16.0383						
42884	16.0075						
42885	16.0658						
42886	16.1420						
42887	16.0577						
42888	16.0313						
42891	16.0310						
42892	16.0075						
42893	16.0055						
42894	15.9892						
42895	15.9000						
42898	15.9317						
42899	15.8920						
42900	15.8510						
42901	15.9243						
42902	16.0097						
42905	16.0662						
42907	16.3575						
42908	16.1875						
42909	16.1300						
42912	16.2388						
42913	16.3900						
42914	16.3690						
42915	16.4810						
42916	16.5985						
42919	16.6817						
42920	16.8733						
42921	17.0018						
42922	17.1483						
42923	16.9743						
42926	16.9900						
42927	16.9930						
42928	16.9717						
42929	16.9517						
42930	16.8697						
42933	16.8758						
42934	17.0267						
42935	17.3117						
42936	17.1258						
42937	17.3383						
42940	17.5367						
42941	17.4092						
42942	17.4743						
42943	17.5617						
42944	17.7642						
42947	17.6700						
42948	17.6135						
42949	17.5648						
42950	17.6408						
42951	17.6517						
42954	17.7017						
42955	17.7128						
42956	17.7833						
42957	17.7298						
42958	17.7120						
42961	17.1533						
42962	17.0583						
42963	17.1117						
42964	17.2665						
42965	17.2822						
42969	17.2287						
42970	17.2248						
42971	17.1767						
42972	17.2223						
42975	17.2155						
42976	17.3080						
42977	17.4403						
42978	17.3650						
42979	17.2367						
42982	17.2425						
42983	17.2583						
42984	17.2183						
42985	17.2165						
42986	17.2083						
42989	17.2012						
42990	17.1125						
42991	17.0583						
42992	17.0123						
42993	16.9720						
42996	17.0558						
42997	17.1983						
42998	17.1483						
42999	17.2755						
43000	17.3000						
43003	17.4087						
43004	17.6108						
43005	17.5670						
43006	17.5562						
43007	17.3183						
43010	17.3475						
43011	17.4283						
43012	17.3623						
43013	17.3420						
43014	17.5117						
43017	17.4700						
43018	17.4425						
43019	17.4312						
43020	17.4342						
43021	17.3610						
43025	17.3793						
43026	17.3250						
43027	17.4025						
43028	17.4710						
43031	17.3217						
43032	17.4950						
43033	17.4458						
43034	17.5308						
43035	17.6775						
43038	17.6578						
43039	17.6713						
43040	17.6492						
43041	17.5733						
43042	17.5642						
43046	17.6703						
43047	17.5575						
43048	17.5370						
43049	17.5158						
43052	17.5367						
43053	17.4898						
43054	17.5325						
43055	17.4942						
43056	17.4867						
43060	17.5102						
43061	17.4672						
43062	17.4232						
43063	17.3715						
43066	17.3338						
43067	17.3307						
43068	17.4217						
43069	17.3845						
43070	17.2600						
43073	17.2608						
43074	17.3513						
43075	17.2862						
43076	17.3058						
43080	17.2697						
43081	17.2635						
43082	17.3150						
43083	17.3567						
43084	17.5517						
43087	17.5642						
43088	17.5658						
43089	17.7808						
43090	17.8700						
43091	18.0108						
43095	18.2495						
43096	18.4350						
