43109	968
43108	967
43105	970
43104	967
43103	969
43102	966
43098	963
43097	957
43096	966
43095	969
43091	950
43090	948
43089	954
43088	956
43087	962
43084	967
43083	968
43082	980
43081	976
43080	982
43077	989
43076	992
43075	1003
43074	1008
43073	999
43070	994
43069	986
43068	993
43067	993
43066	996
43063	993
43061	997
43060	989
43059	990
43056	991
43055	972
43054	976
43053	968
43052	974
43049	987
43048	985
43047	998
43046	996
43045	994
43042	987
43041	999
43040	991
43039	985
43038	984
43035	975
43034	971
43033	976
43032	975
43031	981
43028	979
43027	987
43026	984
43025	984
43024	990
43021	999
43020	992
43019	965
43018	966
43017	967
43014	972
43013	968
43012	958
43011	955
43010	957
43007	967
43006	960
43005	965
43004	963
43003	971
43000	984
42999	971
42998	970
42997	966
42996	967
42993	969
42992	976
42991	961
42990	951
42989	960
42986	962
42985	969
42984	971
42983	968
42979	949
42978	947
42977	934
42976	938
42975	942
42972	939
42971	941
42970	935
42969	934
42968	932
42965	937
42964	930
42963	922
42962	922
42961	933
42958	938
42957	934
42956	965
42955	966
42954	964
42951	952
42950	953
42949	970
42948	964
42947	998
42944	1000
42943	995
42942	989
42941	981
42940	998
42937	1009
42936	1013
42935	1000
42934	990
42933	986
42930	989
42929	975
42928	1021
42927	1029
42926	1025
42923	1001
42922	987
42921	982
42919	972
42916	948
42915	921
42914	919
42913	916
42912	912
42909	904
42908	904
42907	919
42906	928
42905	938
42902	939
42901	935
42900	932
42899	933
42898	931
42895	941
42894	938
42893	931
42892	923
42891	922
42888	921
42887	912
42886	916
42885	913
42881	926
42880	939
42879	948
42878	948
42877	956
42874	953
42873	945
42872	976
42871	976
42870	965
42867	963
42866	966
42865	969
42864	974
42863	966
42860	973
42859	973
42858	975
42857	969
42856	971
42853	957
42852	958
42851	957
42850	965
42849	972
42846	951
42845	947
42844	951
42843	946
42842	953
42838	956
42837	948
42836	940
42835	942
42832	942
42831	941
42830	944
42829	938
42828	938
42825	946
42824	963
42823	969
42822	972
42821	971
42818	976
42817	991
42816	999
42815	1002
42814	1000
42811	1000
42810	1001
42809	998
42808	999
42807	1006
42804	1007
42803	1011
42802	1022
42801	1026
42800	1037
42797	1037
42796	1037
42795	1051
42794	1036
42793	1022
42790	1014
42789	1014
42788	1023
42787	1027
42783	1035
42782	1044
42781	1061
42780	1045
42779	1056
42776	1058
42775	1050
42774	1058
42773	1042
42772	1038
42769	1027
42768	1036
42767	1037
42766	1025
42765	1023
42762	1049
42761	1048
42760	1057
42759	1059
42758	1060
42755	1067
42754	1070
42753	1074
42752	1068
42748	1044
42747	1040
42746	1010
42745	1013
42744	1005
42741	995
42740	1012
42739	1014
42738	996
42734	1005
42733	1012
42732	1016
42731	1024
42727	990
42726	995
42725	1006
42724	1006
42723	1022
42720	1035
42719	1029
42718	1023
42717	1028
42716	1031
42713	1036
42712	1028
42711	1049
42710	1048
42709	1044
42706	1032
42705	1030
42704	1034
42703	1042
42702	1056
42699	1045
42697	1035
42696	1029
42695	1019
42692	993
42691	990
42690	985
42689	989
42688	984
42685	987
42684	997
42683	991
42682	1012
42681	999
42678	990
42677	990
42676	986
42675	993
42674	1012
42671	1002
42670	1014
42669	1009
42668	991
42667	992
42664	982
42663	976
42662	981
42661	972
42660	977
42657	962
42656	956
42655	946
42654	955
42653	955
42650	957
42649	958
42648	957
42647	963
42646	974
42643	955
42642	951
42641	946
42640	952
42639	945
42636	956
42635	977
42634	975
42633	990
42632	971
42629	968
42628	951
42627	943
42626	945
42625	965
42622	981
42621	976
42620	975
42619	960
42615	951
42614	945
42613	942
42612	949
42608	991
42607	999
42606	1031
42605	1034
42604	1034
42601	1027
42600	1033
42599	1030
42598	1019
42597	1024
42594	998
42593	1002
42592	998
42591	1005
42590	1000
42587	988
42586	974
42585	974
42584	971
42583	980
42580	1019
42579	993
42578	999
42577	985
42576	976
42573	1007
42572	1032
42571	1027
42570	1044
42569	1079
42566	1074
42565	1083
42564	1122
42563	1101
42562	1077
42559	1082
42558	1051
42557	1098
42556	1108
42552	1164
42551	1174
42550	1140
42549	1146
42548	1129
42545	1101
42544	1124
42543	1137
42542	1133
42541	1144
42538	1159
42537	1135
42536	1156
42535	1169
42534	1169
42531	1179
42530	1177
42529	1178
42528	1143
42527	1137
42524	1132
42523	1144
42522	1099
42521	1078
42517	1086
42516	1081
42515	1085
42514	1055
42513	1059
42510	1076
42509	1071
42508	1076
42507	1080
42506	1065
42503	1065
42502	1070
42501	1077
42500	1085
42499	1027
42496	1033
42495	1012
42494	1034
42493	1030
42492	1043
42489	1030
42488	1028
42487	1029
42486	1028
42485	1011
42482	985
42481	1020
42480	1010
42479	986
42478	953
42475	957
42474	950
42473	955
42472	935
42471	928
42468	916
42467	904
42466	908
42465	905
42464	913
42461	917
42460	913
42459	909
42458	916
42457	909
42453	910
42452	906
42451	911
42450	902
42447	897
42446	897
42445	895
42444	892
42443	896
42440	895
42439	889
42438	886
42437	884
42436	881
42433	878
42432	864
42431	861
42430	859
42429	861
42426	863
42425	866
42424	872
42423	873
42422	884
42419	878
42418	880
42417	882
42416	880
42412	873
42411	873
42410	862
42409	863
42408	863
42405	867
42404	874
42403	877
42402	886
42401	881
42398	882
42397	868
42396	883
42395	876
42394	880
42391	876
42390	879
42389	874
42388	884
42386	878
42384	878
42383	883
42382	880
42381	875
42380	861
42377	865
42376	864
42375	865
42374	857
42373	856
42369	864
42368	870
42367	865
42366	862
42365	874
42362	877
42361	882
42360	885
42359	891
42356	892
42355	877
42354	863
42353	867
42352	875
42349	871
42348	878
42347	876
42346	876
42345	883
42342	906
42341	897
42340	892
42339	889
42338	882
42335	874
42333	875
42332	863
42331	864
42328	858
42327	860
42326	858
42325	864
42324	859
42321	856
42320	863
42319	861
42318	856
42317	866
42314	867
42313	865
42312	885
42311	879
42310	879
42307	885
42306	880
42305	883
42304	891
42303	885
42300	895
42299	899
42298	905
42297	896
42296	891
42293	898
42292	905
42291	910
42290	913
42289	887
42286	885
42285	881
42284	891
42283	888
42282	884
42279	874
42278	877
42277	892
42276	884
42275	877
42272	889
42271	868
42270	864
42269	862
42268	874
42265	867
42264	884
42263	887
42262	889
42261	884
42258	874
42257	873
42256	872
42255	879
42251	866
42250	870
42249	874
42248	875
42247	887
42244	893
42243	885
42242	878
42241	894
42240	893
42237	906
42236	920
42235	904
42234	913
42233	927
42230	925
42229	938
42228	919
42227	981
42226	1009
42223	977
42222	956
42221	963
42220	950
42219	945
42216	953
42215	965
42214	957
42213	955
42212	938
42209	991
42208	1010
42207	1023
42206	1019
42205	1009
42202	1014
42201	1017
42200	1026
42199	1034
42198	1038
42195	1032
42194	1026
42193	995
42192	993
42191	1022
42188	1037
42187	1037
42186	1041
42185	1048
42184	995
42181	1000
42180	998
42179	982
42178	987
42177	989
42174	971
42173	977
42172	967
42171	958
42170	939
42167	940
42166	941
42165	949
42164	951
42163	945
42160	939
42159	946
42158	935
42157	940
42156	927
42153	934
42152	927
42151	927
42150	922
42146	925
42145	938
42144	941
42143	946
42142	955
42139	953
42138	958
42137	957
42136	956
42135	974
42132	975
42131	975
42130	983
42129	985
42128	977
42125	965
42124	977
42123	989
42122	978
42121	974
42118	969
42117	978
42116	971
42115	975
42114	977
42111	968
42110	965
42109	965
42108	960
42107	949
42104	952
42103	955
42102	972
42101	972
42100	979
42096	985
42095	989
42094	973
42093	969
42090	968
42089	975
42088	979
42087	982
42086	983
42083	973
42082	962
42081	964
42080	956
42079	969
42076	975
42075	992
42074	993
42073	984
42072	993
42069	985
42068	986
42067	996
42066	1013
42065	1014
42062	1030
42061	1027
42060	1011
42059	1018
42058	1000
42055	1000
42054	1007
42053	997
42052	1008
42048	990
42047	983
42046	978
42045	969
42044	979
42041	974
42040	981
42039	972
42038	985
42037	960
42034	962
42033	968
42032	970
42031	975
42030	984
42027	972
42026	978
42025	983
42024	982
42020	991
42019	992
42018	1011
42017	1005
42016	1016
42013	1052
42012	1048
42011	1056
42010	1056
42009	1045
42006	1007
42004	1023
42003	1043
42002	1050
42001	1054
41999	1047
41997	1029
41996	1037
41995	1037
41994	1030
41992	1030
41991	1036
41990	1026
41989	1023
41988	1037
41987	1048
41985	1048
41984	1041
41983	1032
41982	1049
41981	1044
41980	1039
41978	1039
41977	1011
41976	999
41975	996
41974	1018
41973	1014
41971	1014
41970	1048
41969	1048
41968	1051
41967	1035
41964	1040
41963	1022
41962	1006
41961	1024
41960	1035
41957	1022
41956	1055
41955	1049
41954	1064
41953	1024
41950	1039
41949	1028
41948	1020
41947	1010
41946	1029
41943	1043
41942	1030
41941	1050
41940	1015
41939	1011
41936	978
41935	993
41934	962
41933	965
41932	945
41929	951
41928	967
41927	952
41926	965
41925	945
41922	923
41921	942
41920	935
41919	941
41918	942
41915	912
41914	925
41913	917
41912	912
41911	922
41908	911
41907	923
41906	937
41905	937
41904	938
41901	958
41900	971
41899	983
41898	982
41897	988
41894	985
41893	982
41892	994
41891	993
41890	1009
41887	1021
41886	1003
41885	1020
41884	1033
41880	1024
41879	1029
41878	1023
41877	1028
41876	1029
41873	1167
41872	1136
41871	1121
41870	1119
41869	1114
41866	1103
41865	1098
41864	1080
41863	1095
41862	1108
41859	1114
41858	1099
41857	1097
41856	1081
41855	1095
41854	1074
41852	1074
41851	1098
41850	1103
41849	1122
41848	1136
41845	1212
41844	1208
41843	1201
41842	1184
41841	1177
41838	1178
41837	1173
41836	1188
41835	1181
41834	1196
41831	1196
41830	1233
41829	1246
41828	1249
41827	1274
41826	1298
41823	1298
41822	1315
41821	1328
41820	1328
41817	1377
41816	1382
41815	1362
41814	1359
41813	1365
41810	1418
41809	1421
41808	1409
41807	1398
41806	1422
41803	1426
41802	1417
41801	1445
41800	1462
41799	1456
41796	1458
41795	1461
41794	1483
41793	1481
41792	1498
41789	1491
41788	1499
41787	1497
41786	1489
41782	1516
41781	1517
41780	1506
41779	1469
41778	1483
41775	1465
41774	1468
41773	1486
41772	1484
41771	1465
41770	1486
41768	1486
41767	1469
41766	1446
41765	1459
41764	1464
41761	1471
41760	1461
41759	1511
41758	1516
41757	1499
41754	1499
41753	1473
41752	1469
41751	1481
41750	1500
41746	1516
41745	1519
41744	1501
41743	1476
41740	1464
41739	1481
41738	1495
41737	1483
41736	1463
41733	1472
41732	1474
41731	1462
41730	1483
41729	1462
41726	1436
41725	1437
41724	1441
41723	1427
41722	1426
41719	1410
41718	1434
41717	1431
41716	1419
41715	1392
41712	1390
41711	1393
41710	1388
41709	1412
41708	1419
41705	1460
41704	1437
41703	1421
41702	1423
41701	1409
41698	1414
41697	1388
41696	1397
41695	1386
41694	1374
41691	1372
41690	1359
41689	1355
41688	1361
41684	1338
41683	1342
41682	1323
41681	1337
41680	1325
41677	1331
41676	1326
41675	1316
41674	1312
41673	1292
41670	1284
41669	1276
41668	1269
41667	1285
41666	1289
41663	1286
41662	1275
41661	1280
41660	1281
41656	1317
41655	1315
41654	1318
41653	1306
41652	1295
41649	1278
41648	1274
41647	1270
41646	1275
41645	1278
41642	1272
41641	1271
41640	1289
41639	1289
41638	1309
41635	1332
41634	1320
41632	1334
41631	1328
41628	1338
41627	1328
41626	1325
41625	1345
41624	1337
41621	1327
41620	1326
41619	1344
41618	1339
41617	1344
41614	1326
41613	1328
41612	1328
41611	1319
41610	1321
41607	1337
41605	1319
41604	1329
41603	1328
41602	1319
41600	1319
41599	1292
41598	1275
41597	1279
41596	1288
41593	1280
41592	1314
41591	1315
41590	1314
41589	1300
41586	1295
41585	1267
41584	1257
41583	1251
41582	1256
41579	1252
41578	1266
41577	1276
41576	1271
41575	1267
41572	1300
41571	1310
41570	1309
41569	1301
41568	1302
41565	1291
41564	1292
41563	1278
41562	1267
41561	1272
41558	1268
41557	1287
41556	1287
41555	1289
41554	1296
41551	1296
41550	1286
41549	1275
41548	1269
41547	1281
41544	1320
41543	1317
41542	1322
41541	1312
41540	1308
41537	1316
41536	1340
41535	1348
41534	1342
41533	1348
41530	1382
41529	1397
41528	1358
41527	1356
41526	1355
41523	1370
41522	1368
41521	1353
41520	1386
41516	1356
41515	1369
41514	1374
41513	1373
41512	1390
41509	1363
41508	1324
41507	1331
41506	1309
41505	1322
41502	1283
41501	1289
41500	1269
41499	1258
41498	1257
41495	1220
41494	1228
41493	1199
41492	1194
41491	1209
41488	1212
41487	1235
41486	1247
41485	1248
41484	1272
41481	1350
41480	1354
41479	1392
41478	1462
41477	1521
41474	1490
41473	1472
41472	1479
41471	1475
41470	1453
41467	1428
41466	1474
41465	1466
41464	1467
41463	1456
41460	1432
41459	1442
41458	1442
41457	1435
41456	1435
41453	1429
41452	1432
41451	1426
41450	1429
41449	1422
41446	1492
41445	1500
41444	1519
41443	1513
41442	1513
41439	1517
41438	1510
41437	1540
41436	1542
41435	1514
41432	1526
41431	1529
41430	1532
41429	1530
41428	1533
41425	1510
41424	1495
41423	1503
41422	1508
41418	1475
41417	1494
41416	1494
41415	1479
41414	1465
41411	1449
41410	1429
41409	1414
41408	1416
41407	1420
41404	1399
41403	1409
41402	1391
41401	1383
41400	1368
41397	1387
41396	1374
41395	1373
41394	1397
41393	1409
41390	1431
41389	1424
41388	1404
41387	1419
41386	1418
41383	1427
41382	1432
41381	1421
41380	1412
41379	1396
41376	1413
41375	1402
41374	1393
41373	1396
41372	1377
41369	1362
41368	1368
41367	1382
41366	1393
41365	1394
41364	1407
41361	1404
41360	1454
41359	1447
41358	1437
41357	1442
41355	1440
41354	1447
41353	1423
41352	1411
41351	1410
41350	1415
41348	1426
41347	1437
41346	1448
41345	1468
41344	1478
41343	1477
41341	1473
41340	1472
41339	1463
41338	1466
41337	1463
41336	1444
41334	1445
41333	1449
41332	1439
41331	1436
41330	1435
41329	1445
41327	1460
41326	1490
41325	1479
41324	1471
41320	1426
41319	1421
41318	1426
41317	1426
41316	1434
41315	1441
41313	1453
41312	1486
41311	1486
41310	1493
41309	1489
41308	1481
41306	1476
41305	1471
41304	1478
41303	1450
41302	1445
41301	1451
41299	1441
41298	1439
41297	1431
41296	1449
41294	1428
41292	1428
41291	1437
41290	1439
41289	1416
41288	1418
41287	1386
41285	1376
41284	1377
41283	1387
41282	1384
41281	1391
41280	1363
41278	1366
41277	1391
41276	1393
41274	1409
41273	1418
41271	1416
41270	1418
41269	1420
41267	1436
41266	1437
41264	1430
41263	1414
41262	1439
41261	1471
41260	1497
41259	1503
41257	1495
41256	1479
41255	1473
41254	1472
41253	1474
41252	1468
41250	1472
41249	1487
41248	1487
41247	1463
41246	1457
41245	1441
41243	1441
41242	1451
41241	1447
41240	1451
41239	1428
41238	1421
41236	1417
41234	1407
41233	1411
41232	1398
41231	1392
41229	1384
41228	1402
41227	1422
41226	1414
41225	1409
41224	1439
41222	1451
41221	1496
41220	1505
41219	1518
41218	1510
41217	1519
41215	1526
41214	1559
41213	1551
41212	1537
41211	1531
41210	1557
41208	1561
41207	1559
41206	1568
41205	1551
41204	1548
41203	1533
41201	1533
41200	1545
41199	1511
41198	1491
41197	1502
41196	1505
41194	1522
41193	1553
41192	1524
41191	1542
41190	1549
41189	1553
41187	1552
41186	1556
41185	1535
41184	1524
41183	1555
41182	1592
41180	1598
41179	1576
41178	1578
41177	1612
41176	1608
41175	1616
41173	1624
41172	1625
41171	1683
41170	1649
41169	1661
41168	1729
41166	1738
41165	1745
41164	1746
41163	1700
41162	1721
41161	1727
41159	1733
41158	1744
41157	1733
41156	1765
41152	1754
41151	1762
41150	1750
41149	1719
41148	1717
41147	1754
41145	1738
41144	1727
41143	1755
41142	1752
41141	1708
41140	1674
41138	1672
41137	1653
41136	1665
41135	1626
41134	1630
41133	1667
41131	1674
41130	1654
41129	1598
41128	1583
41127	1599
41126	1604
41124	1636
41123	1614
41122	1631
41121	1674
41120	1670
41119	1662
41117	1683
41116	1645
41115	1677
41114	1623
41113	1667
41112	1740
41110	1758
41109	1738
41108	1683
41107	1639
41106	1645
41105	1618
41103	1596
41102	1576
41101	1578
41100	1597
41099	1595
41098	1591
41096	1570
41095	1576
41093	1526
41092	1503
41091	1507
41089	1481
41088	1452
41087	1459
41086	1458
41085	1470
41084	1454
41082	1442
41081	1443
41080	1438
41079	1436
41078	1397
41077	1383
41075	1376
41074	1391
41073	1408
41072	1435
41071	1424
41070	1426
41068	1428
41067	1426
41066	1388
41065	1357
41064	1346
41063	1350
41061	1340
41060	1344
41059	1375
41058	1390
41054	1382
41053	1380
41052	1374
41051	1380
41050	1409
41049	1413
41047	1408
41046	1433
41045	1423
41044	1415
41043	1385
41042	1394
41040	1403
41039	1459
41038	1433
41037	1440
41036	1468
41035	1475
41033	1478
41032	1477
41031	1482
41030	1501
41029	1501
41028	1493
41026	1493
41025	1486
41024	1472
41023	1471
41022	1439
41021	1455
41019	1454
41018	1420
41017	1411
41016	1429
41015	1419
41014	1434
41012	1437
41011	1444
41010	1422
41009	1427
41008	1430
41007	1442
41004	1431
41003	1423
41002	1418
41001	1423
41000	1411
40998	1402
40997	1359
40996	1372
40995	1372
40994	1381
40993	1365
40991	1367
40990	1352
40989	1356
40988	1346
40987	1368
40986	1377
40984	1376
40983	1368
40982	1357
40981	1353
40980	1334
40979	1334
40977	1338
40976	1337
40975	1327
40974	1336
40973	1324
40970	1332
40969	1322
40968	1319
40967	1313
40966	1302
40963	1280
40962	1277
40961	1271
40960	1270
40956	1267
40955	1259
40954	1263
40953	1255
40952	1254
40949	1229
40948	1228
40947	1231
40946	1232
40945	1234
40942	1233
40941	1217
40940	1217
40939	1200
40938	1185
40935	1218
40934	1222
40933	1213
40932	1220
40931	1214
40928	1185
40927	1196
40926	1182
40925	1185
40921	1158
40920	1183
40919	1201
40918	1232
40917	1233
40914	1194
40913	1209
40912	1232
40911	1227
40910	1212
40907	1212
40906	1198
40905	1209
40904	1207
40903	1172
40902	1172
40900	1163
40899	1161
40898	1153
40897	1145
40896	1139
40893	1130
40892	1114
40891	1104
40890	1118
40889	1112
40888	1106
40886	1106
40885	1132
40884	1132
40883	1128
40882	1126
40879	1136
40878	1128
40877	1133
40876	1126
40875	1123
40872	1109
40870	1123
40869	1152
40868	1146
40865	1171
40864	1170
40863	1188
40862	1200
40861	1179
40858	1176
40857	1170
40856	1186
40855	1206
40854	1203
40851	1220
40850	1226
40849	1204
40848	1199
40847	1214
40846	1227
40844	1226
40843	1246
40842	1225
40841	1231
40840	1239
40839	1222
40837	1212
40836	1224
40835	1216
40834	1251
40833	1247
40832	1264
40830	1269
40829	1259
40828	1238
40827	1233
40826	1183
40825	1166
40823	1161
40822	1159
40821	1165
40820	1167
40819	1171
40818	1175
40816	1175
40815	1231
40814	1214
40813	1256
40812	1262
40811	1261
40809	1258
40808	1284
40807	1316
40806	1336
40805	1343
40804	1355
40802	1357
40801	1360
40800	1386
40799	1393
40798	1401
40797	1429
40795	1426
40794	1417
40793	1420
40792	1424
40791	1429
40788	1446
40787	1439
40786	1455
40785	1450
40784	1445
40783	1423
40781	1416
40780	1384
40779	1383
40778	1389
40777	1380
40776	1366
40774	1358
40773	1350
40772	1359
40771	1343
40770	1343
40769	1335
40767	1327
40766	1333
40765	1295
40764	1306
40763	1298
40762	1319
40760	1326
40759	1332
40758	1361
40757	1369
40756	1359
40755	1353
40753	1346
40752	1361
40751	1369
40750	1382
40749	1365
40748	1373
40746	1378
40745	1380
40744	1373
40743	1387
40742	1387
40741	1380
40739	1387
40738	1380
40737	1377
40736	1354
40735	1347
40734	1352
40732	1346
40731	1342
40730	1323
40729	1322
40728	1319
40725	1315
40724	1304
40723	1327
40722	1331
40721	1326
40720	1312
40718	1318
40717	1319
40716	1329
40715	1351
40714	1340
40713	1334
40711	1332
40710	1351
40709	1371
40708	1369
40707	1382
40706	1385
40704	1383
40703	1396
40702	1403
40701	1396
40700	1384
40699	1414
40697	1414
40696	1406
40695	1385
40694	1382
40693	1379
40690	1379
40689	1391
40688	1380
40687	1377
40686	1373
40685	1390
40683	1379
40682	1378
40681	1376
40680	1343
40679	1323
40678	1335
40676	1331
40675	1344
40674	1333
40673	1341
40672	1333
40671	1331
40669	1328
40668	1324
40667	1349
40666	1363
40665	1392
40664	1388
40662	1395
40661	1349
40660	1391
40659	1389
40658	1396
40657	1397
40655	1390
40654	1390
40653	1372
40652	1354
40651	1357
40650	1338
40648	1332
40647	1334
40646	1333
40645	1330
40644	1363
40643	1405
40641	1392
40640	1365
40639	1377
40638	1375
40637	1385
40636	1400
40634	1394
40633	1417
40632	1374
40631	1364
40630	1343
40629	1359
40627	1359
40626	1359
40625	1349
40624	1364
40623	1360
40622	1371
40620	1363
40619	1339
40618	1294
40617	1280
40616	1341
40615	1329
40613	1335
40612	1353
40611	1349
40610	1381
40609	1394
40606	1415
40605	1409
40604	1393
40603	1373
40602	1366
40599	1372
40598	1329
40597	1333
40596	1311
40592	1376
40591	1417
40590	1365
40589	1369
40588	1405
40585	1415
40584	1430
40583	1451
40582	1435
40581	1424
40578	1434
40577	1434
40576	1445
40575	1440
40574	1411
40571	1400
40570	1400
40569	1386
40568	1373
40567	1403
40566	1413
40564	1411
40563	1413
40562	1415
40561	1415
40560	1423
40557	1424
40556	1421
40555	1417
40554	1358
40553	1381
40550	1364
40549	1376
40548	1391
40547	1372
40546	1380
40543	1404
40542	1380
40541	1377
40540	1386
40539	1385
40536	1362
40535	1361
40534	1339
40533	1337
40532	1327
40529	1309
40528	1301
40527	1307
40526	1295
40525	1300
40524	1272
40522	1273
40521	1281
40520	1294
40519	1286
40518	1286
40515	1301
40514	1279
40513	1282
40512	1246
40511	1236
40508	1239
40506	1254
40505	1238
40504	1221
40501	1201
40500	1243
40499	1205
40498	1221
40497	1288
40494	1269
40493	1340
40492	1319
40491	1327
40490	1274
40487	1283
40486	1279
40485	1239
40484	1234
40483	1239
40482	1242
40480	1233
40479	1236
40478	1234
40477	1239
40476	1230
40475	1219
40473	1211
40472	1218
40471	1230
40470	1188
40469	1196
40468	1194
40466	1195
40465	1208
40464	1180
40463	1177
40462	1165
40461	1173
40459	1136
40458	1064
40457	1062
40456	1073
40455	1052
40454	1052
40452	1055
40451	1103
40450	1099
40449	1108
40448	1126
40447	1143
40445	1124
40444	1091
40443	1090
40442	1085
40441	1084
40440	1081
40438	1070
40437	1040
40436	1045
40435	1035
40434	1032
40433	1028
40431	1033
40430	1043
40429	1052
40428	1051
40427	1034
40426	1036
40424	1035
40423	1012
40422	1005
40421	1011
40420	1014
40419	1031
40417	1027
40416	1015
40415	1003
40414	1001
40413	1005
40412	1008
40410	1004
40409	1012
40408	1037
40407	1046
40406	1034
40405	1041
40403	1044
40402	1030
40401	1018
40400	1024
40399	1033
40398	1041
40396	1040
40395	1031
40394	1031
40393	1022
40392	1015
40391	1016
40389	1014
40386	974
40385	975
40384	993
40382	993
40381	990
40380	990
40379	988
40378	984
40377	995
40375	999
40374	1018
40373	995
40372	997
40371	998
40370	995
40368	996
40367	981
40366	970
40365	943
40364	942
40363	946
40361	945
40360	936
40359	934
40358	933
40357	946
40354	943
40353	940
40352	945
40351	957
40350	956
40347	950
40346	945
40345	957
40344	952
40343	951
40342	948
40340	945
40339	935
40338	946
40337	929
40336	933
40335	932
40333	935
40332	956
40331	936
40330	932
40329	941
40326	943
40325	954
40324	944
40323	936
40322	941
40321	942
40319	941
40318	944
40317	945
40316	937
40315	944
40314	955
40312	953
40311	964
40310	965
40309	965
40308	962
40307	959
40305	961
40304	952
40303	979
40302	987
40301	986
40298	1000
40297	998
40296	995
40295	991
40294	1007
40293	1015
40291	1009
40290	1013
40289	1006
40288	997
40287	992
40286	995
40284	981
40283	985
40282	968
40281	968
40280	960
40277	953
40276	947
40275	952
40274	945
40273	934
40269	942
40268	940
40267	974
40266	969
40263	955
40262	942
40261	959
40260	966
40259	969
40256	961
40255	959
40254	959
40253	945
40252	931
40249	925
40248	931
40247	959
40246	947
40245	950
40242	943
40241	942
40240	965
40239	964
40238	964
40235	963
40234	948
40233	962
40232	961
40231	968
40228	945
40227	945
40226	953
40225	964
40221	946
40220	943
40219	938
40218	924
40217	930
40214	917
40213	906
40212	910
40211	927
40210	911
40209	916
40207	915
40206	932
40205	931
40204	948
40203	941
40200	950
40199	953
40198	943
40197	964
40196	973
40193	974
40192	982
40191	993
40190	978
40189	1010
40186	1019
40185	1026
40184	1058
40183	1060
40182	1058
40179	1049
40178	1049
40177	1044
40176	1045
40175	1040
40172	1009
40171	1009
40170	1007
40169	998
40168	1008
40167	1019
40165	1019
40164	1029
40163	1060
40162	1055
40161	1058
40160	1034
40158	1034
40157	1030
40156	1028
40155	1044
40154	1055
40153	1045
40151	1045
40150	1048
40149	1034
40148	1058
40147	1058
40146	1054
40144	1053
40142	1048
40141	1047
40140	1039
40139	1045
40137	1045
40136	1046
40135	1029
40134	1031
40133	1009
40132	985
40130	985
40129	991
40128	973
40127	966
40126	970
40125	957
40123	957
40122	972
40121	998
40119	996
40118	976
40116	976
40115	988
40114	971
40113	974
40112	989
40111	1011
40109	1010
40108	1009
40107	1007
40106	987
40105	1002
40104	978
40102	979
40101	982
40100	995