43109	1320
43108	1319
43107	1321
43105	1322
43104	1322
43103	1319
43102	1316
43101	1309
43098	1309
43097	1297
43096	1291
43095	1288
43094	1278
43091	1279
43090	1271
43089	1270
43088	1264
43087	1266
43084	1258
43083	1257
43082	1249
43081	1242
43080	1247
43077	1248
43076	1253
43075	1266
43074	1265
43073	1278
43070	1282
43069	1277
43068	1286
43067	1299
43066	1299
43063	1292
43062	1292
43061	1297
43060	1286
43059	1275
43056	1297
43055	1278
43054	1278
43053	1283
43052	1279
43049	1274
43048	1288
43047	1284
43046	1276
43045	1282
43042	1269
43041	1278
43040	1277
43039	1271
43038	1278
43035	1272
43034	1270
43033	1279
43032	1278
43031	1281
43028	1281
43027	1290
43026	1283
43025	1286
43024	1303
43021	1305
43020	1297
43019	1289
43018	1294
43017	1285
43014	1275
43013	1273
43012	1277
43011	1275
43010	1276
43007	1285
43006	1289
43005	1288
43004	1302
43003	1312
43000	1298
42999	1295
42998	1316
42997	1311
42996	1311
42993	1325
42992	1329
42991	1328
42990	1333
42989	1336
42986	1351
42985	1350
42984	1339
42983	1345
42982	1338
42981	1341
42979	1330
42978	1322
42977	1314
42976	1319
42975	1315
42972	1298
42971	1292
42970	1295
42969	1291
42968	1297
42965	1292
42964	1292
42963	1283
42962	1280
42961	1290
42958	1294
42957	1290
42956	1279
42955	1263
42954	1265
42951	1265
42950	1274
42949	1278
42948	1279
42947	1273
42944	1275
42943	1267
42942	1256
42941	1259
42940	1254
42937	1255
42936	1246
42935	1242
42934	1242
42933	1234
42930	1228
42929	1217
42928	1219
42927	1215
42926	1213
42923	1210
42922	1223
42921	1222
42920	1228
42919	1219
42916	1242
42915	1246
42914	1249
42913	1247
42912	1246
42909	1256
42908	1249
42907	1246
42906	1244
42905	1247
42902	1257
42901	1255
42900	1276
42899	1269
42898	1269
42895	1271
42894	1280
42893	1293
42892	1298
42891	1283
42888	1280
42887	1270
42886	1275
42885	1266
42884	1267
42883	1268
42881	1271
42880	1260
42879	1257
42878	1259
42877	1265
42874	1254
42873	1253
42872	1259
42871	1236
42870	1230
42867	1228
42866	1224
42865	1219
42864	1216
42863	1227
42860	1227
42859	1229
42858	1249
42857	1257
42856	1256
42853	1268
42852	1266
42851	1264
42850	1267
42849	1278
42846	1289
42845	1284
42844	1283
42843	1294
42842	1292
42839	1290
42838	1289
42837	1278
42836	1274
42835	1254
42832	1257
42831	1253
42830	1249
42829	1258
42828	1254
42825	1251
42824	1248
42823	1257
42822	1259
42821	1259
42818	1252
42817	1250
42816	1253
42815	1250
42814	1237
42811	1233
42810	1230
42809	1204
42808	1202
42807	1202
42804	1201
42803	1202
42802	1209
42801	1215
42800	1225
42797	1226
42796	1232
42795	1249
42794	1253
42793	1257
42790	1257
42789	1250
42788	1232
42787	1238
42786	1238
42785	1237
42783	1238
42782	1240
42781	1232
42780	1224
42779	1224
42776	1234
42775	1235
42774	1238
42773	1234
42772	1230
42769	1219
42768	1217
42767	1206
42766	1209
42765	1193
42762	1188
42761	1190
42760	1197
42759	1210
42758	1215
42755	1204
42754	1201
42753	1211
42752	1212
42751	1203
42750	1203
42748	1195
42747	1199
42746	1196
42745	1184
42744	1184
42741	1172
42740	1180
42739	1164
42738	1160
42737	1151
42734	1150
42733	1156
42732	1139
42731	1137
42730	1135
42729	1135
42727	1132
42726	1129
42725	1131
42724	1132
42723	1141
42720	1135
42719	1128
42718	1161
42717	1157
42716	1164
42713	1159
42712	1170
42711	1175
42710	1168
42709	1174
42706	1175
42705	1167
42704	1171
42703	1188
42702	1191
42699	1178
42698	1186
42697	1189
42696	1211
42695	1216
42694	1206
42692	1209
42691	1217
42690	1223
42689	1224
42688	1221
42685	1224
42684	1266
42683	1273
42682	1273
42681	1278
42678	1303
42677	1302
42676	1307
42675	1286
42674	1272
42671	1276
42670	1268
42669	1265
42668	1272
42667	1262
42664	1267
42663	1266
42662	1268
42661	1261
42660	1254
42657	1253
42656	1255
42655	1251
42654	1253
42653	1258
42650	1249
42649	1250
42648	1265
42647	1266
42646	1309
42643	1313
42642	1322
42641	1327
42640	1326
42639	1340
42636	1342
42635	1340
42634	1327
42633	1319
42632	1317
42631	1314
42629	1306
42628	1314
42627	1322
42626	1319
42625	1321
42622	1330
42621	1337
42620	1344
42619	1349
42618	1331
42617	1326
42615	1322
42614	1312
42613	1307
42612	1312
42611	1323
42608	1322
42607	1320
42606	1324
42605	1341
42604	1338
42601	1340
42600	1351
42599	1343
42598	1351
42597	1340
42594	1336
42593	1343
42592	1344
42591	1339
42590	1333
42587	1336
42586	1359
42585	1356
42584	1364
42583	1351
42580	1349
42579	1332
42578	1327
42577	1321
42576	1319
42573	1323
42572	1331
42571	1319
42570	1332
42569	1328
42566	1327
42565	1331
42564	1342
42563	1334
42562	1355
42559	1357
42558	1360
42557	1365
42556	1356
42555	1352
42554	1346
42552	1337
42551	1318
42550	1324
42549	1315
42548	1323
42545	1320
42544	1261
42543	1268
42542	1271
42541	1290
42538	1293
42537	1296
42536	1286
42535	1286
42534	1284
42531	1273
42530	1270
42529	1260
42528	1244
42527	1245
42524	1240
42523	1210
42522	1212
42521	1215
42520	1212
42517	1214
42516	1220
42515	1224
42514	1229
42513	1251
42510	1252
42509	1254
42508	1274
42507	1276
42506	1273
42503	1272
42502	1270
42501	1275
42500	1264
42499	1266
42496	1293
42495	1271
42494	1273
42493	1291
42492	1295
42489	1289
42488	1266
42487	1249
42486	1242
42485	1239
42482	1229
42481	1249
42480	1253
42479	1253
42478	1234
42475	1233
42474	1225
42473	1247
42472	1259
42471	1257
42468	1243
42467	1236
42466	1223
42465	1228
42464	1218
42461	1222
42460	1234
42459	1227
42458	1236
42457	1220
42454	1217
42453	1221
42452	1224
42451	1248
42450	1244
42447	1254
42446	1265
42445	1229
42444	1230
42443	1244
42440	1259
42439	1272
42438	1257
42437	1262
42436	1263
42433	1270
42432	1257
42431	1241
42430	1230
42429	1234
42426	1220
42425	1238
42424	1239
42423	1222
42422	1210
42419	1230
42418	1226
42417	1211
42416	1208
42415	1208
42414	1234
42412	1239
42411	1248
42410	1195
42409	1199
42408	1198
42405	1158
42404	1158
42403	1141
42402	1127
42401	1128
42398	1116
42397	1116
42396	1116
42395	1122
42394	1106
42391	1097
42390	1099
42389	1107
42388	1090
42387	1089
42386	1090
42384	1092
42383	1074
42382	1088
42381	1086
42380	1097
42377	1098
42376	1108
42375	1092
42374	1078
42373	1075
42369	1060
42368	1060
42367	1078
42366	1071
42362	1077
42361	1069
42360	1075
42359	1082
42356	1066
42355	1051
42354	1078
42353	1063
42352	1065
42349	1077
42348	1073
42347	1078
42346	1076
42345	1076
42342	1085
42341	1062
42340	1054
42339	1064
42338	1066
42335	1056
42334	1071
42333	1071
42332	1074
42331	1067
42328	1076
42327	1078
42326	1069
42325	1069
42324	1084
42321	1081
42320	1081
42319	1085
42318	1088
42317	1088
42314	1088
42313	1104
42312	1107
42311	1114
42310	1136
42307	1142
42306	1147
42305	1177
42304	1167
42303	1167
42300	1163
42299	1167
42298	1168
42297	1178
42296	1173
42293	1184
42292	1188
42291	1180
42290	1166
42289	1165
42286	1156
42285	1145
42284	1149
42283	1147
42282	1138
42279	1137
42278	1114
42277	1116
42276	1127
42275	1132
42272	1146
42271	1154
42270	1132
42269	1125
42268	1133
42265	1138
42264	1117
42263	1119
42262	1103
42261	1108
42258	1104
42257	1110
42256	1102
42255	1120
42254	1120
42253	1120
42251	1121
42250	1124
42249	1133
42248	1139
42247	1132
42244	1133
42243	1122
42242	1125
42241	1138
42240	1153
42237	1160
42236	1153
42235	1128
42234	1117
42233	1119
42230	1113
42229	1116
42228	1123
42227	1108
42226	1104
42223	1094
42222	1090
42221	1086
42220	1091
42219	1089
42216	1095
42215	1088
42214	1093
42213	1096
42212	1097
42209	1086
42208	1094
42207	1091
42206	1103
42205	1107
42202	1132
42201	1144
42200	1147
42199	1153
42198	1155
42195	1158
42194	1159
42193	1163
42192	1152
42191	1173
42188	1168
42187	1163
42186	1169
42185	1172
42184	1179
42181	1173
42180	1172
42179	1173
42178	1176
42177	1184
42174	1202
42173	1202
42172	1176
42171	1181
42170	1185
42167	1179
42166	1180
42165	1186
42164	1177
42163	1173
42160	1168
42159	1175
42158	1185
42157	1194
42156	1188
42153	1189
42152	1188
42151	1186
42150	1187
42149	1207
42148	1204
42146	1204
42145	1204
42144	1209
42143	1207
42142	1228
42139	1226
42138	1225
42137	1218
42136	1193
42135	1183
42132	1189
42131	1182
42130	1190
42129	1193
42128	1187
42125	1175
42124	1182
42123	1210
42122	1214
42121	1203
42118	1175
42117	1194
42116	1187
42115	1203
42114	1194
42111	1203
42110	1198
42109	1202
42108	1193
42107	1199
42104	1205
42103	1194
42102	1203
42101	1211
42100	1219
42097	1201
42096	1201
42095	1208
42094	1183
42093	1185
42090	1200
42089	1205
42088	1197
42087	1192
42086	1188
42083	1185
42082	1169
42081	1151
42080	1148
42079	1153
42076	1153
42075	1152
42074	1151
42073	1160
42072	1166
42069	1164
42068	1196
42067	1201
42066	1204
42065	1208
42062	1213
42061	1210
42060	1201
42059	1197
42058	1200
42055	1204
42054	1207
42053	1200
42052	1208
42051	1232
42050	1229
42048	1227
42047	1220
42046	1219
42045	1232
42044	1241
42041	1234
42040	1262
42039	1264
42038	1260
42037	1276
42034	1279
42033	1255
42032	1286
42031	1292
42030	1279
42027	1293
42026	1301
42025	1294
42024	1294
42023	1276
42022	1279
42020	1277
42019	1265
42018	1234
42017	1234
42016	1233
42013	1216
42012	1208
42011	1211
42010	1219
42009	1204
42006	1186
42005	1187
42004	1184
42003	1200
42002	1182
41999	1195
41998	1177
41997	1174
41996	1178
41995	1180
41992	1196
41991	1195
41990	1194
41989	1194
41988	1207
41985	1222
41984	1225
41983	1229
41982	1232
41981	1195
41978	1190
41977	1208
41976	1209
41975	1199
41974	1218
41971	1175
41970	1189
41969	1197
41968	1197
41967	1196
41964	1198
41963	1191
41962	1194
41961	1197
41960	1183
41957	1185
41956	1161
41955	1159
41954	1163
41953	1160
41950	1170
41949	1142
41948	1145
41947	1167
41946	1169
41943	1171
41942	1198
41941	1224
41940	1229
41939	1229
41936	1231
41935	1229
41934	1245
41933	1251
41932	1244
41929	1238
41928	1241
41927	1244
41926	1234
41925	1229
41922	1221
41921	1225
41920	1205
41919	1212
41918	1207
41915	1192
41914	1214
41913	1215
41912	1211
41911	1218
41908	1214
41907	1221
41906	1219
41905	1221
41904	1217
41901	1215
41900	1226
41899	1234
41898	1235
41897	1234
41894	1230
41893	1237
41892	1244
41891	1247
41890	1253
41887	1266
41886	1265
41885	1269
41884	1264
41883	1287
41882	1288
41880	1286
41879	1289
41878	1282
41877	1284
41876	1277
41873	1279
41872	1274
41871	1293
41870	1295
41869	1298
41866	1305
41865	1314
41864	1313
41863	1309
41862	1309
41859	1309
41858	1311
41857	1307
41856	1284
41855	1288
41852	1294
41851	1281
41850	1295
41849	1298
41848	1303
41845	1303
41844	1291
41843	1305
41842	1306
41841	1314
41838	1309
41837	1317
41836	1300
41835	1297
41834	1306
41831	1337
41830	1339
41829	1324
41828	1316
41827	1317
41824	1321
41823	1320
41822	1331
41821	1326
41820	1322
41817	1319
41816	1316
41815	1322
41814	1321
41813	1318
41810	1316
41809	1314
41808	1272
41807	1272
41806	1275
41803	1274
41802	1274
41801	1261
41800	1260
41799	1254
41796	1252
41795	1253
41794	1244
41793	1244
41792	1244
41789	1246
41788	1256
41787	1259
41786	1265
41785	1293
41784	1292
41782	1292
41781	1295
41780	1288
41779	1295
41778	1294
41775	1293
41774	1294
41773	1306
41772	1295
41771	1296
41768	1287
41767	1287
41766	1289
41765	1308
41764	1309
41761	1303
41760	1283
41759	1296
41758	1296
41757	1299
41754	1301
41753	1291
41752	1284
41751	1281
41750	1288
41746	1293
41745	1303
41744	1300
41743	1327
41740	1319
41739	1320
41738	1306
41737	1309
41736	1298
41733	1303
41732	1284
41731	1291
41730	1280
41729	1283
41726	1294
41725	1295
41724	1303
41723	1311
41722	1311
41719	1336
41718	1331
41717	1341
41716	1359
41715	1373
41712	1379
41711	1372
41710	1370
41709	1347
41708	1341
41705	1338
41704	1352
41703	1340
41702	1338
41701	1350
41698	1321
41697	1332
41696	1328
41695	1343
41694	1338
41691	1324
41690	1317
41689	1321
41688	1325
41687	1329
41684	1319
41683	1300
41682	1295
41681	1290
41680	1275
41677	1263
41676	1258
41675	1257
41674	1252
41673	1260
41670	1240
41669	1242
41668	1262
41667	1251
41666	1264
41663	1265
41662	1263
41661	1239
41660	1242
41659	1255
41656	1252
41655	1240
41654	1238
41653	1245
41652	1251
41649	1247
41648	1229
41647	1225
41646	1229
41645	1238
41642	1238
41641	1225
41640	1205
41639	1202
41638	1203
41635	1216
41634	1214
41632	1205
41631	1198
41628	1205
41627	1195
41626	1236
41625	1231
41624	1246
41621	1236
41620	1226
41619	1259
41618	1262
41617	1235
41614	1230
41613	1233
41612	1248
41611	1222
41610	1222
41607	1251
41606	1244
41605	1238
41604	1241
41603	1241
41600	1244
41599	1244
41598	1258
41597	1273
41596	1272
41593	1287
41592	1286
41591	1268
41590	1271
41589	1281
41586	1285
41585	1308
41584	1318
41583	1308
41582	1315
41579	1313
41578	1324
41577	1349
41576	1345
41575	1352
41572	1352
41571	1350
41570	1334
41569	1343
41568	1316
41565	1314
41564	1323
41563	1282
41562	1273
41561	1276
41558	1268
41557	1297
41556	1307
41555	1324
41554	1325
41551	1310
41550	1317
41549	1321
41548	1286
41547	1327
41544	1338
41543	1324
41542	1336
41541	1316
41540	1327
41537	1333
41536	1369
41535	1308
41534	1310
41533	1318
41530	1308
41529	1330
41528	1364
41527	1364
41526	1387
41523	1387
41522	1373
41521	1390
41520	1412
41519	1394
41516	1396
41515	1413
41514	1419
41513	1421
41512	1393
41509	1396
41508	1371
41507	1371
41506	1373
41505	1366
41502	1372
41501	1362
41500	1334
41499	1321
41498	1335
41495	1313
41494	1311
41493	1286
41492	1283
41491	1303
41488	1311
41487	1311
41486	1312
41485	1324
41484	1328
41481	1322
41480	1329
41479	1320
41478	1335
41477	1336
41474	1293
41473	1285
41472	1278
41471	1291
41470	1284
41467	1278
41466	1280
41465	1247
41464	1246
41463	1235
41460	1213
41459	1247
41458	1252
41457	1244
41456	1256
41453	1224
41452	1211
41451	1230
41450	1275
41449	1277
41446	1292
41445	1286
41444	1374
41443	1367
41442	1383
41439	1387
41438	1378
41437	1392
41436	1377
41435	1386
41432	1383
41431	1416
41430	1398
41429	1397
41428	1412
41425	1393
41424	1412
41423	1391
41422	1379
41421	1396
41418	1387
41417	1392
41416	1368
41415	1378
41414	1384
41411	1365
41410	1387
41409	1397
41408	1425
41407	1435
41404	1437
41403	1469
41402	1474
41401	1449
41400	1468
41397	1464
41396	1468
41395	1446
41394	1472
41393	1467
41390	1454
41389	1462
41388	1423
41387	1409
41386	1421
41383	1395
41382	1392
41381	1382
41380	1387
41379	1361
41376	1501
41375	1564
41374	1558
41373	1586
41372	1572
41369	1575
41368	1552
41367	1553
41366	1575
41365	1600
41361	1595
41360	1606
41359	1596
41358	1605
41355	1606
41354	1614
41353	1608
41352	1611
41351	1605
41348	1593
41347	1591
41346	1588
41345	1592
41344	1578
41341	1577
41340	1575
41339	1575
41338	1575
41337	1572
41334	1572
41333	1578
41332	1595
41331	1615
41330	1586
41327	1572
41326	1578
41325	1578
41324	1604
41320	1609
41319	1635
41318	1644
41317	1649
41316	1648
41313	1666
41312	1670
41311	1678
41310	1672
41309	1675
41306	1669
41305	1661
41304	1680
41303	1661
41302	1652
41299	1656
41298	1670
41297	1686
41296	1693
41292	1687
41291	1690
41290	1683
41289	1683
41288	1669
41285	1660
41284	1677
41283	1655
41282	1662
41281	1646
41278	1648
41277	1674
41276	1688
41274	1675
41271	1655
41270	1663
41269	1660
41267	1659
41264	1659
41263	1645
41262	1667
41261	1670
41260	1697
41257	1696
41256	1696
41255	1717
41254	1708
41253	1713
41250	1704
41249	1700
41248	1692
41247	1694
41246	1720
41243	1711
41242	1727
41241	1717
41240	1742
41239	1750
41236	1751
41234	1728
41233	1723
41232	1734
41229	1714
41228	1713
41227	1730
41226	1724
41225	1730
41222	1730
41221	1725
41220	1713
41219	1714
41218	1682
41215	1674
41214	1714
41213	1718
41212	1711
41211	1708
41208	1711
41207	1712
41206	1701
41205	1708
41204	1725
41201	1723
41200	1743
41199	1752
41198	1745
41197	1736
41194	1758
41193	1769
41192	1763
41191	1763
41190	1774
41187	1779
41186	1794
41185	1777
41184	1773
41183	1781
41180	1771
41179	1778
41178	1751
41177	1764
41176	1762
41173	1776
41172	1768
41171	1769
41170	1768
41169	1768
41166	1770
41165	1769
41164	1731
41163	1732
41162	1729
41159	1738
41158	1703
41157	1691
41156	1693
41152	1685
41151	1654
41150	1660
41149	1667
41148	1672
41145	1670
41144	1670
41143	1637
41142	1640
41141	1620
41138	1616
41137	1616
41136	1604
41135	1599
41134	1610
41131	1620
41130	1617
41129	1613
41128	1610
41127	1613
41124	1606
41123	1587
41122	1604
41121	1611
41120	1620
41117	1618
41116	1615
41115	1608
41114	1576
41113	1577
41110	1583
41109	1580
41108	1570
41107	1589
41106	1591
41103	1592
41102	1565
41101	1575
41100	1579
41099	1589
41096	1578
41095	1609
41093	1621
41092	1597
41089	1604
41088	1550
41087	1578
41086	1574
41085	1588
41082	1566
41081	1565
41080	1615
41079	1622
41078	1626
41075	1627
41074	1618
41073	1618
41072	1613
41071	1596
41068	1590
41067	1587
41066	1633
41065	1615
41064	1612
41061	1621
41060	1563
41059	1563
41058	1549
41054	1569
41053	1557
41052	1548
41051	1576
41050	1588
41047	1592
41046	1575
41045	1536
41044	1557
41043	1561
41040	1584
41039	1595
41038	1594
41037	1604
41036	1639
41033	1645
41032	1634
41031	1653
41030	1662
41029	1663
41026	1664
41025	1660
41024	1641
41023	1643
41022	1632
41019	1642
41018	1641
41017	1639
41016	1650
41015	1649
41012	1659
41011	1680
41010	1659
41009	1660
41008	1643
41004	1629
41003	1612
41002	1670
41001	1678
40998	1669
40997	1652
40996	1658
40995	1685
40994	1686
40991	1662
40990	1642
40989	1650
40988	1647
40987	1667
40984	1656
40983	1659
40982	1643
40981	1694
40980	1699
40977	1711
40976	1698
40975	1683
40974	1671
40973	1703
40970	1709
40969	1721
40968	1710
40967	1787
40966	1774
40963	1775
40962	1785
40961	1770
40960	1757
40956	1725
40955	1727
40954	1726
40953	1716
40952	1723
40949	1723
40948	1739
40947	1729
40946	1746
40945	1723
40942	1738
40941	1757
40940	1747
40939	1738
40938	1731
40935	1732
40934	1726
40933	1700
40932	1664
40931	1678
40928	1664
40927	1654
40926	1660
40925	1655
40921	1630
40920	1647
40919	1639
40918	1631
40917	1608
40914	1616
40913	1619
40912	1612
40911	1600
40907	1566
40906	1540
40905	1563
40904	1594
40900	1605
40899	1609
40898	1612
40897	1616
40896	1594
40893	1596
40892	1575
40891	1584
40890	1660
40889	1664
40886	1713
40885	1710
40884	1741
40883	1728
40882	1731
40879	1747
40878	1735
40877	1746
40876	1713
40875	1711
40872	1686
40870	1696
40869	1702
40868	1678
40865	1725
40864	1720
40863	1774
40862	1782
40861	1778
40858	1788
40857	1759
40856	1791
40855	1798
40854	1790
40851	1755
40850	1764
40849	1729
40848	1711
40847	1724
40844	1746
40843	1747
40842	1723
40841	1700
40840	1652
40837	1635
40836	1612
40835	1646
40834	1652
40833	1676
40830	1682
40829	1667
40828	1681
40827	1660
40826	1670
40823	1635
40822	1652
40821	1640
40820	1615
40819	1656
40816	1620
40815	1616
40814	1616
40813	1651
40812	1593
40809	1638
40808	1739
40807	1806
40806	1807
40805	1776
40802	1812
40801	1779
40800	1824
40799	1827
40798	1810
40795	1856
40794	1854
40793	1814
40792	1870
40788	1874
40787	1826
40786	1829
40785	1827
40784	1788
40781	1794
40780	1760
40779	1754
40778	1858
40777	1889
40774	1849
40773	1819
40772	1791
40771	1782
40770	1756
40767	1740
40766	1749
40765	1781
40764	1740
40763	1710
40760	1649
40759	1656
40758	1663
40757	1642
40756	1619
40753	1628
40752	1613
40751	1615
40750	1617
40749	1612
40746	1601
40745	1587
40744	1597
40743	1601
40742	1602
40739	1590
40738	1589
40737	1585
40736	1562
40735	1549
40732	1541
40731	1530
40730	1529
40729	1512
40725	1482
40724	1502
40723	1510
40722	1500
40721	1496
40718	1501
40717	1520
40716	1553
40715	1546
40714	1542
40711	1539
40710	1529
40709	1526
40708	1524
40707	1515
40704	1529
40703	1542
40702	1538
40701	1543
40700	1547
40697	1542
40696	1532
40695	1542
40694	1536
40690	1536
40689	1523
40688	1527
40687	1523
40686	1515
40683	1509
40682	1492
40681	1496
40680	1480
40679	1490
40676	1493
40675	1507
40674	1501
40673	1517
40672	1503
40669	1491
40668	1481
40667	1515
40666	1540
40665	1557
40662	1556
40661	1531
40660	1517
40659	1503
40658	1509
40654	1503
40653	1498
40652	1495
40651	1492
40648	1485
40647	1472
40646	1455
40645	1453
40644	1467
40641	1473
40640	1459
40639	1458
40638	1452
40637	1432
40634	1428
40633	1439
40632	1424
40631	1416
40630	1420
40627	1426
40626	1435
40625	1438
40624	1428
40623	1426
40620	1416
40619	1404
40618	1396
40617	1393
40616	1425
40613	1422
40612	1412
40611	1429
40610	1427
40609	1434
40606	1428
40605	1416
40604	1437
40603	1431
40602	1409
40599	1409
40598	1415
40597	1413
40596	1401
40592	1388
40591	1385
40590	1375
40589	1374
40588	1365
40585	1360
40584	1362
40583	1365
40582	1363
40581	1348
40578	1348
40577	1352
40576	1332
40575	1340
40574	1334
40571	1341
40570	1318
40569	1333
40568	1332
40567	1345
40564	1341
40563	1347
40562	1370
40561	1368
40557	1360
40556	1387
40555	1386
40554	1384
40553	1374
40550	1369
40549	1371
40548	1373
40547	1379
40546	1423
40543	1421
40542	1406
40541	1413
40540	1405
40539	1382
40535	1380
40534	1387
40533	1388
40532	1386
40529	1379
40528	1370
40527	1386
40526	1404
40525	1397
40522	1384
40521	1392
40520	1383
40519	1408
40518	1415
40515	1405
40514	1389
40513	1387
40512	1385
40511	1366
40508	1362
40506	1373
40505	1378
40504	1358
40501	1352
40500	1353
40499	1337
40498	1338
40497	1368
40494	1365
40493	1403
40492	1399
40491	1410
40490	1403
40487	1397
40486	1383
40485	1337
40484	1356
40483	1350
40480	1357
40479	1342
40478	1322
40477	1338
40476	1338
40473	1324
40472	1325
40471	1343
40470	1335
40469	1371
40466	1371
40465	1377
40464	1370
40463	1346
40462	1353
40459	1344
40458	1334
40457	1346
40456	1339
40455	1315
40452	1316
40451	1308
40450	1309
40449	1307
40448	1297
40445	1296
40444	1294
40443	1290
40442	1272
40441	1279
40438	1276
40437	1272
40436	1267
40435	1270
40434	1245
40431	1245
40430	1249
40429	1256
40428	1257
40424	1249
40423	1252
40422	1246
40421	1248
40420	1237
40417	1236
40416	1235
40415	1240
40414	1232
40413	1227
40410	1227
40409	1234
40408	1230
40407	1227
40406	1225
40403	1215
40402	1215
40401	1198
40400	1196
40399	1201
40396	1203
40395	1197
40394	1194
40393	1185
40392	1183
40389	1182
40388	1168
40387	1160
40386	1158
40385	1183
40382	1188
40381	1196
40380	1192
40379	1192
40378	1182
40375	1188
40374	1208
40373	1207
40372	1213
40371	1199
40368	1210
40367	1196
40366	1199
40365	1195
40361	1207
40360	1206
40359	1246
40358	1242
40357	1238
40354	1256
40353	1246
40352	1234
40351	1240
40350	1240
40347	1257
40346	1248
40345	1229
40344	1233
40343	1223
40340	1229
40339	1221
40338	1229
40337	1244
40336	1239
40333	1216
40332	1208
40331	1221
40330	1225
40326	1212
40325	1212
40324	1213
40323	1198
40322	1194
40319	1176
40318	1188
40317	1193
40316	1214
40315	1228
40312	1227
40311	1229
40310	1243
40309	1220
40308	1200
40305	1210
40304	1197
40303	1175
40302	1169
40301	1183
40298	1180
40297	1168
40296	1171
40295	1162
40294	1154
40291	1153
40290	1142
40289	1148
40288	1139
40287	1135
40284	1136
40283	1160
40282	1159
40281	1153
40280	1162
40277	1161
40276	1152
40275	1152
40274	1135
40273	1133
40269	1125
40268	1113
40267	1105
40266	1110
40263	1104
40262	1093
40261	1089
40260	1104
40259	1099
40256	1107
40255	1127
40254	1124
40253	1122
40252	1105
40249	1102
40248	1108
40247	1108
40246	1122
40245	1124
40242	1135
40241	1133
40240	1143
40239	1137
40238	1118
40235	1118
40234	1108
40233	1097
40232	1103
40231	1113
40228	1121
40227	1118
40226	1120
40225	1119
40221	1090
40220	1094
40219	1076
40218	1077
40217	1066
40214	1052
40213	1062
40212	1111
40211	1117
40210	1104
40207	1083
40206	1084
40205	1084
40204	1098
40203	1095
40200	1089
40199	1103
40198	1112
40197	1140
40193	1130
40192	1143
40191	1136
40190	1129
40189	1151
40186	1138
40185	1133
40184	1136
40183	1118
40182	1118
40178	1095
40177	1092
40176	1097
40175	1107
40171	1104
40170	1093
40169	1086
40168	1095
40165	1111
40164	1107
40163	1136
40162	1122
40161	1123
40158	1119
40157	1126
40156	1120
40155	1143
40154	1163
40151	1169
40150	1217
40149	1212
40148	1199
40147	1181
40144	1174
40142	1187
40141	1166
40140	1164
40137	1146
40136	1141
40135	1141
40134	1139
40133	1139
40130	1116
40129	1106
40128	1114
40127	1102
40126	1101
40123	1095
40122	1089
40121	1087
40120	1084
40119	1053
40116	1040
40115	1046
40114	1030
40113	1035
40112	1042
40109	1056
40108	1058
40107	1064
40106	1058
40105	1057
40102	1051
40101	1050
40100	1064
40099	1064
40098	1057
40095	1048
40094	1055
40093	1043
40092	1039
40091	1017
40088	1003
40087	1000
40086	1008
40085	993
40084	993
40081	990
40080	998
40079	1013
40078	1014
40077	1004
40074	1009
40073	1012
40072	1019
40071	1005
40070	1000
40067	1005
40066	995
40065	995
40064	998
40060	995
40059	996
40058	977
40057	955
40056	952
40053	957
40052	946
40051	944
40050	945
40049	942
40046	953
40045	940
40044	943
40043	938
40042	934
40039	947
40038	955
40037	951
40036	946
40035	945
40032	957
40031	961
40030	964
40029	968
40028	957
40025	954
40024	935
40023	927
40022	939
40021	953
40018	953
40017	955
40016	953
40015	947
40014	949
40011	937
40010	935
40009	939
40008	923
40007	922
40004	912
40003	916
40002	909
40001	929
40000	924
39996	931
39995	941
39994	927
39993	940
39990	941
39989	939
39988	934
39987	924
39986	921
39983	936
39982	934
39981	935
39980	932
39979	927
39976	940
39975	961
39974	954
39973	954
39972	952
39969	962
39968	981
39967	965
39966	983
39965	979
39962	979
39961	962
39960	953
39959	953
39955	959
39954	951
39953	937
39952	926
39951	921
39948	931
39947	928
39946	926
39945	924
39944	913
39941	914
39940	915
39939	911
39938	904
39937	902
39934	888
39933	891
39932	900
39931	893
39930	907
39927	914
39926	906
39925	892
39924	882
39923	887
39920	867
39919	879
39918	893
39917	891
39916	895
39912	882
39911	885
39910	882
39909	872
39906	896
39905	907
39904	926
39903	923
39902	916
39899	923
39898	940
39897	935
39896	923
39895	952
39892	956
39891	958
39890	889
39889	916
39888	922
39885	930
39884	924
39883	910
39882	896
39881	918
39878	942
39877	927
39876	906
39875	913
39874	939
39871	942
39870	942
39869	966
39868	969
39867	995
39864	1002
39863	976
39862	978
39861	967
39857	942
39856	949
39855	944
39854	914
39853	892
39850	914
39849	914
39848	902
39847	892
39846	907
39843	927
39842	905
39841	888
39840	899
39839	909
39836	895
39835	858
39834	850
39833	855
39829	839
39828	807
39827	808
39826	820
39825	820
39822	854
39821	854
39820	841
39819	865
39818	857
39815	879
39813	884
39812	869
39811	875
39808	870
39806	847
39805	837
39804	846
39801	836
39800	860
39799	868
39798	842
39797	835
39794	819
39793	825
39792	807
39791	772
39790	767
39787	751
39786	764
39785	769
39784	781
39783	775
39780	816
39778	809
39777	818
39776	819
39773	792
39772	749
39771	736
39770	733
39769	742
39766	742
39765	705
39764	718
39763	732
39762	746
39759	733
39758	731
39757	741
39756	756
39755	725
39752	717
39751	737
39750	753
39749	739
39748	742
39745	729
39744	713
39743	733
39742	766
39741	788
39738	785
39737	802
39736	836
39735	836
39734	839
39731	855
39730	883
39729	903
39728	878
39727	863
39724	829
39723	839
39722	881
39721	874
39720	888
39717	883
39716	878
39715	889
39714	886
39713	904
39710	861
39709	893
39708	847
39707	777
39706	783
39703	760
39702	741
39701	758
39700	787
39699	798
39696	798
39695	798
39694	803
39693	805
39689	829
39688	831
39687	828
39686	822
39685	820
39682	827
39681	833
39680	810
39679	811
39678	800
39675	786
39674	808
39673	825
39672	808
39671	822
39668	858
39667	871
39666	876
39665	879
39664	900
39661	909
39660	914
39659	903
39658	916
39657	928
39654	927
39653	922
39652	922
39651	948
39650	963
39647	957
39646	970
39645	962
39644	978
39643	973
39640	960
39639	941
39638	927
39637	922
39636	927
39632	932
39631	945
39630	943
39629	926
39626	929
39625	913
39624	880
39623	889
39622	885
39619	901
39618	902
39617	891
39616	884
39615	884
39612	870
39611	869
39610	880
39609	868
39608	895
39605	895
39604	872
39603	880
39602	882
39601	893
39598	887
39597	877
39596	901
39595	908
39591	926
39590	918
39589	928
39588	920
39587	905
39584	899
39583	879
39582	865
39581	869
39580	884
39577	885
39576	881
39575	870
39574	876
39573	872
39570	856
39569	849
39568	863
39567	874
39566	893
39563	887
39562	887
39561	906
39560	922
39559	915
39556	912
39555	940
39554	945
39553	929
39552	925
39549	924
39548	928
39547	934
39546	914
39545	923
39542	909
39541	905
39540	895
39539	883
39538	916
39535	931
39534	949
39533	949
39532	935
39531	918
39527	920
39526	945
39525	1003
39524	1001
39521	998
39520	992
39519	979
39518	974
39517	970
39514	972
39513	975
39512	986
39511	964
39510	982
39507	972
39506	965
39505	958
39504	946
39503	938
39500	945
39499	946
39498	935
39497	927
39493	903
39492	907
39491	907
39490	907
39489	923
39486	918
39485	906
39484	901
39483	886
39482	905
39479	909
39478	923
39477	921
39476	925
39475	927
39472	911
39471	906
39470	883
39469	890
39465	881
39464	880
39463	881
39462	901
39461	902
39458	896
39457	892
39456	880
39455	878
39454	860
39451	863
39450	866
39449	857
39447	835
39444	840
39443	829
39442	826
39440	813
39437	812
39436	799
39435	801
39434	803
39433	795
39430	793
39429	799
39428	814
39427	811
39426	808
39423	794
39422	801
39421	798
39420	801
39419	788
39416	782
39415	795
39414	800
39413	814
39412	826
39409	824
39407	798
39406	790
39405	777
39402	786
39401	786
39400	813
39399	797
39398	806
39395	833
39394	835
39393	831
39392	821
39391	808
39388	806
39387	791
39386	792
39385	784
39384	789
39381	784
39380	767
39379	762
39378	759
39377	756
39374	764
39373	764
39372	758
39371	757
39370	757
39367	749
39366	751
39365	740
39364	737
39363	733
39360	741
39359	738
39358	729
39357	730
39356	747
39353	743
39352	733
39351	728
39350	732
39349	732
39346	731
39345	732
39344	722
39343	716
39342	716
39339	710
39338	710
39337	712
39336	712
39335	703
39332	701
39331	696
39330	682
39329	683
39325	673
39324	665
39323	666
39322	664
39321	667
39318	668
39317	659
39316	659
39315	657
39314	657
39311	657
39310	648
39309	669
39308	669
39307	670
39304	670
39303	661
39302	675
39301	671
39300	672
39297	673
39296	665
39295	664
39294	667
39293	664
39290	660
39289	663
39288	673
39287	684
39286	681
39283	684
39282	677
39281	673
39280	665
39279	665
39276	666
39275	667
39274	660
39273	663
39272	661
39269	653
39268	648
39266	653
39265	657
39262	648
39261	648
39260	642
39259	642
39258	651
39255	654
39254	651
39253	656
39252	661
39251	656
39248	655
39247	652
39246	648
39245	649
39244	654
39241	646
39240	660
39239	669
39238	670
39237	671
39234	671
39233	661
39232	653
39231	657
39227	655
39226	653
39225	662
39224	659
39223	663
39220	661
39219	656
39218	660
39217	673
39216	669
39213	671
39212	665
39211	680
39210	685
39209	688
39206	687
39205	682
39204	672
39203	674
39202	681
39199	679
39198	675
39197	684
39196	684
39195	691
39192	692
39191	684
39190	689
39189	688
39188	690
39185	685
39184	675
39183	677
39182	677
39181	672
39177	674
39176	672
39175	664
39174	666
39171	663
39170	662
39169	667
39168	662
39167	663
39164	657
39163	663
39162	659
39161	658
39160	653
39157	653
39156	646
39155	641
39154	648
39153	648
39150	650
39149	653
39148	651
39147	644
39146	637
39143	642
39142	662
39141	669
39140	684
39139	687
39136	683
39135	679
39134	680
39133	657
39129	669
39128	667
39127	667
39126	664
39125	663
39122	668
39121	658
39120	652
39119	654
39118	651
39115	646
39114	657
39113	652
39112	644
39111	643
39108	645
39107	648
39106	648
39105	645
39104	633
39101	636
39100	627
39099	632
39098	625
39094	626
39093	612
39092	612
39091	613
39090	608
39087	605
39086	624
39085	627
39084	635
39080	635
39079	634
39078	627
39077	624
39073	619
39072	618
39071	621
39070	622
39069	614
39066	615
39065	627
39064	628
39063	627
39062	630
39059	626
39058	632
39057	631
39056	642
39055	645
39052	645
39051	647
39050	636
39049	637
39048	640
39045	629
39043	629
39042	628
39041	621
39038	622
39037	621
39036	623
39035	624
39034	624
39031	628
39030	635
39029	616
39028	626
39027	626
39024	627
39023	625
39022	617
39021	604
39020	605
39017	598
39016	597
39015	588
39014	584
39013	580
39010	593
39009	599
39008	589
39007	590
39006	595
39003	589
39002	576
39001	572
39000	572
38999	578
38996	572
38995	571
38994	562
38993	576
38992	598
38989	599
38988	605
38987	597
38986	591
38985	590
38982	589
38981	582
38980	580
38979	577
38978	586
38975	576
38974	579
38973	589
38972	587
38971	590
38968	610
38967	617
38966	634
38965	639
38961	624
38960	626
38959	618
38958	611
38957	615
38954	622
38953	620
38952	624
38951	625
38950	626
38947	612
38946	615
38945	629
38944	623
38943	629
38940	634
38939	635
38938	651
38937	646
38936	648
38933	644
38932	645
38931	652
38930	646
38929	634
38926	635
38925	632
38924	622
38923	618
38922	613
38919	620
38918	632
38917	642
38916	628
38915	651
38912	667
38911	653
38910	649
38909	641
38908	624
38905	633
38904	634
38903	627
38901	614
38898	614
38897	587
38896	578
38895	582
38894	585
38891	585
38890	582
38889	588
38888	577
38887	569
38884	578
38883	567
38882	562
38881	563
38880	607
38877	608
38876	609
38875	627
38874	629
38873	643
38870	636
38869	628
38868	643
38867	654
38863	651
38862	648
38861	637
38860	673
38859	657
38856	657
38855	680
38854	691
38853	692
38852	684
38849	710
38848	720
38847	704
38846	699
38845	678
38842	682
38841	674
38840	666
38839	665
38838	658
38835	652
38834	633
38833	639
38832	631
38831	621
38828	632
38827	620
38826	633
38825	620
38824	615
38820	597
38819	598
38818	595
38817	598
38814	588
38813	595
38812	588
38811	586
38810	589
38807	582
38806	587
38805	573
38804	567
38803	567
38800	560
38799	550
38798	551
38797	552
38796	555
38793	554
38792	554
38791	553
38790	552
38789	546
38786	540
38785	546
38784	543
38783	553
38782	555
38779	566
38778	568
38777	564
38776	562
38775	555
38772	559
38771	548
38770	554
38769	554
38765	552
38764	546
38763	540
38762	546
38761	539
38758	550
38757	565
38756	550
38755	551
38754	570
38751	567
38750	573
38749	569
38748	571
38747	566
38744	559
38743	560
38742	562
38741	558
38740	558
38737	554
38736	558
38735	544
38734	553
38730	556
38729	548
38728	549
38727	544
38726	549
38723	540
38722	526
38721	534
38720	531
38719	519
38716	517
38715	516
38714	514
38713	508
38709	503
38708	503
38707	493
38706	495
38705	504
38702	503
38701	504
38700	507
38699	521
38698	528
38695	527
38694	519
38693	514
38692	510
38691	509
38688	503
38687	503
38686	495
38685	499
38684	498
38679	492
38678	493
38677	489
38674	486
38673	486
38672	478
38671	468
38670	468
38667	468
38666	467
38665	466
38664	461
38663	459
38660	456
38659	460
38658	463
38657	459
38656	465
38653	473
38652	474
38651	471
38650	473
38649	465
38646	467
38645	461
38644	464
38643	472
38642	474
38639	469
38638	471
38637	474
38636	477
38635	475
38632	475
38631	472
38630	466
38629	466
38628	466
38625	469
38624	472
38623	470
38622	463
38621	466
38618	464
38617	467
38616	469
38615	466
38614	467
38611	460
38610	456
38609	450
38608	446
38607	450
38604	449
38603	447
38602	445
38601	444
38597	444
38596	442
38595	434
38594	431
38593	437
38590	437
38589	438
38588	437
38587	439
38586	438
38583	437
38582	440
38581	440
38580	446
38579	442
38576	446
38575	446
38574	437
38573	434
38572	435
38569	437
38568	438
38567	437
38566	432
38565	432
38562	430
38561	427
38560	425
38559	423
38558	426
38555	425
38554	425
38553	422
38552	420
38551	421
38548	421
38547	420
38546	424
38545	426
38544	426
38541	423
38540	423
38539	424
38538	423
38534	428
38533	436
38532	437
38531	436
38530	440
38527	441
38526	442
38525	438
38524	439
38523	438
38520	438
38519	436
38518	429
38517	428
38516	429
38513	427
38512	424
38511	425
38510	425
38509	427
38506	424
38505	423
38504	415
38503	416
38499	420
38498	418
38497	419
38496	418
38495	417
38492	417
38491	421
38490	422
38489	419
38488	419
38485	420
38484	422
38483	427
38482	427
38481	426
38478	426
38477	430
38476	429
38475	427
38474	430
38471	435
38470	431
38469	433
38468	438
38467	435
38464	434
38463	433
38462	435
38461	433
38460	428
38457	425
38456	424
38455	429
38454	428
38453	429
38450	427
38449	427
38448	427
38447	425
38446	424
38443	426
38442	429
38441	427
38440	426
38439	426
38435	425
38434	425
38433	431
38432	431
38429	439
38428	439
38427	444
38426	441
38425	441
38422	446
38421	443
38420	442
38419	440
38418	435
38415	434
38414	430
38413	433
38412	433
38411	437
38408	435
38407	435
38406	435
38405	435
38401	427
38400	427
38399	426
38398	426
38397	426
38394	421
38393	417
38392	413
38391	413
38390	414
38387	414
38386	417
38385	421
38384	421
38383	422
38380	426
38379	426
38378	427
38377	422
38376	427
38373	427
38372	422
38371	423
38370	423
38366	423
38365	425
38364	426
38363	422
38362	419
38359	419
38358	421
38357	427
38356	429
38355	429
38351	438
38350	436
38349	444
38348	445
38344	442
38343	440
38342	442
38341	442
38338	442
38337	437
38336	441
38335	436
38334	439
38331	434
38330	436
38329	437
38328	452
38327	454
38324	456
38323	450
38322	454
38321	451
38320	454
38315	449
38314	448
38313	449
38310	447
38309	443
38308	445
38307	440
38306	437
38303	438
38302	435
38301	434
38300	436
38299	433
38296	434
38295	430
38294	425
38293	420
38292	427
38289	429
38288	425
38287	425
38286	427
38285	429
38282	425
38281	424
38280	424
38279	420
38278	416
38275	419
38274	418
38273	413
38272	415
38271	422
38268	423
38267	418
38266	418
38265	418
38264	414
38261	420
38260	419
38259	413
38258	413
38257	409
38254	408
38253	411
38252	407
38251	408
38250	405
38247	406
38246	405
38245	405
38244	406
38243	404
38240	402
38239	399
38238	399
38237	397
38233	401
38232	406
38231	409
38230	410
38229	408
38226	403
38225	407
38224	408
38223	403
38222	411
38219	413
38218	407
38217	404
38216	404
38215	403
38212	399
38211	394
38210	396
38209	400
38208	401
38205	400
38204	392
38203	392
38202	394
38201	392
38198	391
38197	387
38196	389
38195	387
38194	390
38191	391
38190	395
38189	397
38188	402
38187	406
38184	407
38183	404
38182	405
38181	402
38180	408
38177	408
38176	408
38175	402
38174	393
38170	398
38169	396
38168	393
38167	393
38166	401
38163	403
38162	403
38161	395
38160	395
38159	394
38156	395
38155	389
38154	385
38153	388
38152	384
38148	386
38147	385
38146	391
38145	394
38142	391
38141	388
38140	392
38139	395
38135	394
38133	388
38132	388
38131	386
38128	385
38127	378
38126	383
38125	376
38124	380
38121	377
38120	375
38119	377
38118	377
38117	378
38114	379
38113	388
38112	393
38111	391
38110	387
38107	387
38106	387
38105	385
38104	399
38103	396
38100	395
38099	393
38098	391
38097	398
38096	401
38093	401
38092	398
38091	400
38090	407
38089	420
38085	420
38084	423
38083	419
38082	415
38079	422
38078	428
38077	427
38076	422
38075	417
38072	422
38071	417
38070	417
38069	420
38068	417
38065	413
38064	411
38063	407
38062	402
38061	399
38058	395
38057	401
38056	400
38055	404
38054	401
38051	401
38050	393
38049	392
38048	394
38047	399
38044	396
38043	395
38042	396
38041	405
38040	399
38037	398
38036	410
38035	412
38034	416
38030	410
38029	414
38028	410
38027	406
38026	407
38023	404
38022	398
38021	401
38020	399
38019	399
38016	402
38015	399
38014	415
38013	410
38012	407
38009	408
38008	410
38007	411
38006	413
38002	407
38001	408
38000	422
37999	424
37998	426
37995	426
37994	424
37993	422
37992	423
37991	424
37986	416
37985	417
37984	415
37979	412
37978	411
37977	411
37974	409
37973	410
37972	412
37971	408
37970	409
37967	409
37966	405
37965	406
37964	408
37963	407
37960	406
37959	403
37958	404
37957	404
37956	403
37951	397
37949	392
37946	396
37945	394
37944	395
37943	398
37942	392
37939	398
37938	394
37937	395
37936	388
37935	387
37932	383
37931	381
37930	383
37929	380
37928	377
37925	385
37924	384
37923	387
37922	383
37921	388
37918	389
37917	385
37916	387
37915	382
37914	374
37911	372
37910	373
37909	373
37908	376
37907	375
37904	374
37903	369
37902	375
37901	377
37900	373
37897	369
37896	383
37895	384
37894	385
37893	382
37890	381
37889	385
37888	388
37887	386
37886	387
37883	382
37882	377
37881	376
37880	374
37879	375
37876	376
37875	380
37874	380
37873	382
37872	375
37869	378
37868	373
37867	374
37866	373
37862	376
37861	371
37860	374
37859	366
37858	361
37855	363
37854	361
37853	366
37852	362
37851	358
37848	363
37847	366
37846	362
37845	359
37844	362
37841	356
37840	353
37839	351
37838	350
37837	349
37834	346
37833	354
37832	356
37831	362
37830	365
37827	363
37826	362
37825	359
37824	351
37823	351
37820	347
37819	344
37818	343
37817	342
37816	348
37813	345
37812	344
37811	344
37810	344
37809	348
37805	351
37804	351
37803	351
37802	346
37799	345
37798	344
37797	349
37796	346
37795	353
37792	356
37791	361
37790	357
37789	363
37788	359
37785	357
37784	353
37783	356
37782	352
37781	362
37778	364
37777	369
37776	363
37775	365
37774	366
37771	365
37770	370
37769	365
37768	368
37764	369
37763	368
37762	372
37761	366
37760	364
37757	355
37756	353
37755	352
37754	350
37753	352
37750	349
37749	348
37748	342
37747	343
37746	342
37743	341
37742	342
37741	339
37740	334
37739	335
37736	333
37735	335
37734	332
37733	334
37732	334
37728	327
37727	326
37726	325
37725	324
37722	328
37721	327
37720	326
37719	322
37718	322
37715	325
37714	325
37713	330
37712	334
37711	336
37708	332
37707	329
37706	330
37705	328
37704	330
37701	326
37700	333
37699	336
37698	338
37697	337
37694	337
37693	336
37692	347
37691	351
37690	355
37687	351
37686	357
37685	353
37684	353
37683	349
37680	350
37679	346
37678	354
37677	352
37676	356
37673	352
37672	353
37671	350
37670	344
37666	352
37665	357
37664	353
37663	363
37662	364
37659	370
37658	370
37657	376
37656	379
37655	371
37652	368
37651	369
37650	366
37649	370
37648	369
37645	368
37644	365
37643	360
37642	357
37638	357
37637	358
37636	351
37635	352
37634	355
37631	355
37630	353
37629	354
37628	347
37627	352
37624	351
37623	346
37621	348
37620	343
37617	349
37616	349
37614	347
37613	345
37610	341
37609	346
37608	342
37607	337
37606	337
37603	333
37602	331
37601	325
37600	324
37599	326
37596	326
37595	325
37594	322
37593	320
37592	318
37587	317
37585	318
37582	321
37581	317
37580	317
37579	319
37578	319
37575	321
37574	318
37573	319
37572	325
37571	321
37568	321
37567	321
37566	318
37565	318
37564	318
37561	319
37560	318
37559	317
37558	318
37557	315
37554	313
37553	311
37552	312
37551	313
37550	311
37547	313
37546	312
37545	314
37544	313
37543	318
37540	316
37539	317
37538	320
37537	318
37536	322
37533	322
37532	321
37531	322
37530	321
37529	324
37526	320
37525	320
37524	322
37523	326
37522	323
37519	322
37518	323
37517	321
37516	317
37515	317
37512	317
37511	319
37510	317
37509	318
37508	321
37505	320
37504	318
37503	315
37502	313
37498	312
37497	313
37496	309
37495	312
37494	309
37491	307
37490	307
37489	308
37488	309
37487	306
37484	314
37483	314
37482	312
37481	314
37480	314
37477	314
37476	310
37475	314
37474	306
37473	308
37470	307
37469	304
37468	303
37467	304
37466	303
37463	303
37462	310
37461	312
37460	313
37459	324
37456	324
37455	317
37454	317
37453	317
37452	320
37449	316
37448	317
37447	315
37446	316
37445	312
37440	311
37439	313
37438	314
37435	314
37434	319
37433	321
37432	320
37431	324
37428	325
37427	323
37426	320
37425	319
37424	317
37421	319
37420	318
37419	320
37418	320
37417	319
37414	325
37413	325
37412	321
37411	328
37410	327
37407	327
37406	326
37405	325
37404	324
37400	320
37399	323
37398	318
37397	316
37396	316
37393	311
37392	310
37391	309
37390	307
37389	311
37386	311
37385	310
37384	308
37383	312
37382	311
37379	312
37378	308
37377	309
37376	309
37375	311
37372	312
37371	308
37370	304
37369	304
37368	303
37365	302
37364	305
37363	302
37362	299
37361	300
37358	302
37357	302
37356	302
37355	299
37354	301
37351	300
37350	301
37349	303
37348	306
37347	303
37343	303
37341	297
37340	297
37337	297
37336	293
37335	292
37334	293
37333	292
37330	290
37329	291
37328	294
37327	294
37326	291
37323	290
37322	290
37321	294
37320	294
37319	297
37316	298
37315	297
37314	296
37313	298
37312	293
37309	293
37308	293
37307	292
37306	293
37302	298
37301	300
37300	299
37299	301
37298	300
37295	304
37294	300
37293	298
37292	298
37291	289
37288	286
37287	282
37286	282
37285	281
37284	278
37281	279
37280	278
37279	279
37278	282
37274	283
37273	284
37272	287
37271	284
37270	285
37267	287
37266	287
37265	283
37264	279
37263	279
37260	279
37259	278
37258	279
37256	279
37253	277
37252	277
37251	280
37246	278
37245	276
37244	276
37243	280
37242	278
37239	278
37238	274
37237	274
37236	272
37235	272
37232	274
37231	274
37230	274
37229	275
37228	277
37225	274
37224	274
37223	274
37222	273
37221	272
37216	273
37215	273
37214	273
37211	275
37210	275
37209	278
37208	278
37207	278
37204	277
37203	277
37202	281
37201	280
37200	279
37197	280
37196	280
37195	280
37194	281
37193	279
37190	278
37189	278
37188	276
37187	276
37186	276
37183	280
37182	279
37181	283
37180	282
37179	282
37176	285
37175	282
37174	285
37173	289
37172	292
37169	291
37168	291
37167	291
37166	290
37165	292
37162	292
37161	292
37160	293
37159	291
37158	290
37155	292
37154	289
37153	292
37152	288
37151	290
37148	290
37145	272
37144	272
37141	273
37140	273
37139	272
37138	272
37134	274
37133	275
37132	274
37131	272
37130	273
37127	273
37126	275
37125	275
37124	275
37123	276
37120	279
37119	275
37118	276
37117	276
37116	276
37113	274
37112	273
37111	268
37110	267
37109	267
37106	268
37105	267
37104	267
37103	266
37102	265
37099	267
37098	266
37097	268
37096	270
37095	269
37092	270
37091	269
37090	270
37089	268
37088	267
37085	267
37084	267
37083	268
37082	266
37081	267
37078	266
37077	265
37075	268
37074	269
37071	271
37070	269
37069	272
37068	276
37067	274
37064	272
37063	273
37062	272
37061	273
37060	272
37057	271
37056	275
37055	272
37054	272
37053	268
37050	273
37049	266
37048	266
37047	266
37043	266
37042	265
37041	266
37040	274
37036	278
37035	279
37034	284
37033	285
37032	285
37029	287
37028	274
37027	272
37026	268
37025	268
37022	268
37021	269
37020	270
37019	265
37018	266
37015	266
37014	266
37013	265
37012	264
37011	264
37008	264
37007	264
37006	262
37005	264
37004	264
37001	265
37000	265
36999	261
36998	261
36997	263
36993	260
36992	259
36991	257
36990	258
36987	260
36986	258
36985	258
36984	257
36983	256
36980	258
36979	259
36978	260
36977	261
36976	262
36973	262
36972	261
36971	262
36970	261
36969	260
36966	258
36965	260
36964	263
36963	267
36962	272
36959	271
36958	265
36957	261
36956	260
36955	263
36952	262
36951	265
36950	267
36949	267
36948	266
36945	261
36944	259
36943	258
36942	256
36938	258
36937	255
36936	259
36935	260
36934	261
36931	260
36930	260
36929	263
36928	263
36927	265
36924	267
36923	269
36922	266
36921	266
36920	263
36917	263
36916	265
36915	264
36914	266
36913	266
36910	264
36909	264
36908	263
36907	263
36903	264
36902	264
36901	265
36900	268
36899	268
36896	268
36895	267
36894	268
36893	268
36889	272
36888	272
36887	275
36886	274
36882	274
36881	274
36880	273
36879	270
36878	270
36875	270
36874	269
36873	269
36872	270
36871	270
